0,0,0
0,1,0
0,2,0
0,3,0
0,4,0
0,5,0
0,6,0
0,7,0
0,8,0
0,9,0
0,10,0
0,11,0
0,12,0
0,13,0
0,14,0
0,15,0
0,16,0
0,17,0
0,18,0
0,19,0
0,20,0
0,21,0
0,22,0
0,23,0
0,24,0
0,25,0
0,26,0
0,27,0
0,28,0
0,29,0
0,30,0
0,31,0
0,32,0
0,33,0
0,34,0
0,35,0
0,36,0
0,37,0
0,38,0
0,39,0
0,40,0
0,41,0
0,42,0
0,43,0
0,44,0
0,45,0
0,46,0
0,47,0
0,48,0
0,49,0
1,0,0
1,1,0
1,2,0
1,3,0
1,4,0
1,5,0
1,6,0
1,7,0
1,8,0
1,9,0
1,10,0
1,11,0
1,12,0
1,13,0
1,14,0
1,15,0
1,16,0
1,17,0
1,18,0
1,19,0
1,20,0
1,21,0
1,22,0
1,23,4.79534e-16
1,24,3.93539e-15
1,25,8.51719e-15
1,26,3.93539e-15
1,27,4.79534e-16
1,28,0
1,29,0
1,30,0
1,31,0
1,32,0
1,33,0
1,34,0
1,35,0
1,36,0
1,37,0
1,38,0
1,39,0
1,40,0
1,41,0
1,42,0
1,43,0
1,44,0
1,45,0
1,46,0
1,47,0
1,48,0
1,49,0
2,0,0
2,1,0
2,2,0
2,3,0
2,4,0
2,5,0
2,6,0
2,7,0
2,8,0
2,9,0
2,10,0
2,11,0
2,12,0
2,13,0
2,14,0
2,15,0
2,16,0
2,17,0
2,18,0
2,19,0
2,20,0
2,21,0
2,22,3.83627e-15
2,23,4.72247e-14
2,24,1.92978e-13
2,25,3.09072e-13
2,26,1.92978e-13
2,27,4.72247e-14
2,28,3.83627e-15
2,29,0
2,30,0
2,31,0
2,32,0
2,33,0
2,34,0
2,35,0
2,36,0
2,37,0
2,38,0
2,39,0
2,40,0
2,41,0
2,42,0
2,43,0
2,44,0
2,45,0
2,46,0
2,47,0
2,48,0
2,49,0
3,0,0
3,1,0
3,2,0
3,3,0
3,4,0
3,5,0
3,6,0
3,7,0
3,8,0
3,9,0
3,10,0
3,11,0
3,12,0
3,13,0
3,14,0
3,15,0
3,16,0
3,17,0
3,18,0
3,19,0
3,20,0
3,21,2.20586e-14
3,22,3.62056e-13
3,23,2.1756e-12
3,24,6.02641e-12
3,25,8.27216e-12
3,26,6.02641e-12
3,27,2.1756e-12
3,28,3.62056e-13
3,29,2.20586e-14
3,30,0
3,31,0
3,32,0
3,33,0
3,34,0
3,35,0
3,36,0
3,37,0
3,38,0
3,39,0
3,40,0
3,41,0
3,42,0
3,43,0
3,44,0
3,45,0
3,46,0
3,47,0
3,48,0
3,49,0
4,0,0
4,1,0
4,2,0
4,3,0
4,4,0
4,5,0
4,6,0
4,7,0
4,8,0
4,9,0
4,10,0
4,11,0
4,12,0
4,13,0
4,14,0
4,15,0
4,16,0
4,17,0
4,18,0
4,19,0
4,20,9.70576e-14
4,21,1.99131e-12
4,22,1.57965e-11
4,23,6.23551e-11
4,24,1.34317e-10
4,25,1.69823e-10
4,26,1.34317e-10
4,27,6.23551e-11
4,28,1.57965e-11
4,29,1.99131e-12
4,30,9.70576e-14
4,31,0
4,32,0
4,33,0
4,34,0
4,35,0
4,36,0
4,37,0
4,38,0
4,39,0
4,40,0
4,41,0
4,42,0
4,43,0
4,44,0
4,45,0
4,46,0
4,47,0
4,48,0
4,49,0
5,0,0
5,1,0
5,2,0
5,3,0
5,4,0
5,5,0
5,6,0
5,7,0
5,8,0
5,9,0
5,10,0
5,11,0
5,12,0
5,13,0
5,14,0
5,15,0
5,16,0
5,17,0
5,18,0
5,19,3.39702e-13
5,20,8.36349e-12
5,21,8.24442e-11
5,22,4.22909e-10
5,23,1.24664e-09
5,24,2.26285e-09
5,25,2.72597e-09
5,26,2.26285e-09
5,27,1.24664e-09
5,28,4.22909e-10
5,29,8.24442e-11
5,30,8.36349e-12
5,31,3.39702e-13
5,32,0
5,33,0
5,34,0
5,35,0
5,36,0
5,37,0
5,38,0
5,39,0
5,40,0
5,41,0
5,42,0
5,43,0
5,44,0
5,45,0
5,46,0
5,47,0
5,48,0
5,49,0
6,0,0
6,1,0
6,2,0
6,3,0
6,4,0
6,5,0
6,6,0
6,7,0
6,8,0
6,9,0
6,10,0
6,11,0
6,12,0
6,13,0
6,14,0
6,15,0
6,16,0
6,17,0
6,18,9.70576e-13
6,19,2.78783e-11
6,20,3.28515e-10
6,21,2.07472e-09
6,22,7.77712e-09
6,23,1.84618e-08
6,24,2.97209e-08
6,25,3.46282e-08
6,26,2.97209e-08
6,27,1.84618e-08
6,28,7.77712e-09
6,29,2.07472e-09
6,30,3.28515e-10
6,31,2.78783e-11
6,32,9.70576e-13
6,33,0
6,34,0
6,35,0
6,36,0
6,37,0
6,38,0
6,39,0
6,40,0
6,41,0
6,42,0
6,43,0
6,44,0
6,45,0
6,46,0
6,47,0
6,48,0
6,49,0
7,0,0
7,1,0
7,2,0
7,3,0
7,4,0
7,5,0
7,6,0
7,7,0
7,8,0
7,9,0
7,10,0
7,11,0
7,12,0
7,13,0
7,14,0
7,15,0
7,16,0
7,17,2.30512e-12
7,18,7.56697e-11
7,19,1.03756e-09
7,20,7.78635e-09
7,21,3.54633e-08
7,22,1.04207e-07
7,23,2.09713e-07
7,24,3.09426e-07
7,25,3.51135e-07
7,26,3.09426e-07
7,27,2.09713e-07
7,28,1.04207e-07
7,29,3.54633e-08
7,30,7.78635e-09
7,31,1.03756e-09
7,32,7.56697e-11
7,33,2.30512e-12
7,34,0
7,35,0
7,36,0
7,37,0
7,38,0
7,39,0
7,40,0
7,41,0
7,42,0
7,43,0
7,44,0
7,45,0
7,46,0
7,47,0
7,48,0
7,49,0
8,0,0
8,1,0
8,2,0
8,3,0
8,4,0
8,5,0
8,6,0
8,7,0
8,8,0
8,9,0
8,10,0
8,11,0
8,12,0
8,13,0
8,14,0
8,15,0
8,16,4.61024e-12
8,17,1.70257e-10
8,18,2.66306e-09
8,19,2.31599e-08
8,20,1.24261e-07
8,21,4.3597e-07
8,22,1.05327e-06
8,23,1.86543e-06
8,24,2.57532e-06
8,25,2.85929e-06
8,26,2.57532e-06
8,27,1.86543e-06
8,28,1.05327e-06
8,29,4.3597e-07
8,30,1.24261e-07
8,31,2.31599e-08
8,32,2.66306e-09
8,33,1.70257e-10
8,34,4.61024e-12
8,35,0
8,36,0
8,37,0
8,38,0
8,39,0
8,40,0
8,41,0
8,42,0
8,43,0
8,44,0
8,45,0
8,46,0
8,47,0
8,48,0
8,49,0
9,0,0
9,1,0
9,2,0
9,3,0
9,4,0
9,5,0
9,6,0
9,7,0
9,8,0
9,9,0
9,10,0
9,11,0
9,12,0
9,13,0
9,14,0
9,15,7.8374e-12
9,16,3.21596e-10
9,17,5.65152e-09
9,18,5.59077e-08
9,19,3.45566e-07
9,20,1.41134e-06
9,21,3.98376e-06
9,22,8.20446e-06
9,23,1.31471e-05
9,24,1.72051e-05
9,25,1.87651e-05
9,26,1.72051e-05
9,27,1.31471e-05
9,28,8.20446e-06
9,29,3.98376e-06
9,30,1.41134e-06
9,31,3.45566e-07
9,32,5.59077e-08
9,33,5.65152e-09
9,34,3.21596e-10
9,35,7.8374e-12
9,36,0
9,37,0
9,38,0
9,39,0
9,40,0
9,41,0
9,42,0
9,43,0
9,44,0
9,45,0
9,46,0
9,47,0
9,48,0
9,49,0
10,0,0
10,1,0
10,2,0
10,3,0
10,4,0
10,5,0
10,6,0
10,7,0
10,8,0
10,9,0
10,10,0
10,11,0
10,12,0
10,13,0
10,14,1.13999e-11
10,15,5.14554e-10
10,16,1.00378e-08
10,17,1.11343e-07
10,18,7.7961e-07
10,19,3.63765e-06
10,20,1.17665e-05
10,21,2.76084e-05
10,22,4.99244e-05
10,23,7.38708e-05
10,24,9.24634e-05
10,25,9.94394e-05
10,26,9.24634e-05
10,27,7.38708e-05
10,28,4.99244e-05
10,29,2.76084e-05
10,30,1.17665e-05
10,31,3.63765e-06
10,32,7.7961e-07
10,33,1.11343e-07
10,34,1.00378e-08
10,35,5.14554e-10
10,36,1.13999e-11
10,37,0
10,38,0
10,39,0
10,40,0
10,41,0
10,42,0
10,43,0
10,44,0
10,45,0
10,46,0
10,47,0
10,48,0
10,49,0
11,0,0
11,1,0
11,2,0
11,3,0
11,4,0
11,5,0
11,6,0
11,7,0
11,8,0
11,9,0
11,10,0
11,11,0
11,12,0
11,13,1.42498e-11
11,14,7.01664e-10
11,15,1.50475e-08
11,16,1.85035e-07
11,17,1.4486e-06
11,18,7.61227e-06
11,19,2.78128e-05
11,20,7.33237e-05
11,21,0.000147076
11,22,0.000239516
11,23,0.00033219
11,24,0.000400734
11,25,0.000426228
11,26,0.000400734
11,27,0.00033219
11,28,0.000239516
11,29,0.000147076
11,30,7.33237e-05
11,31,2.78128e-05
11,32,7.61227e-06
11,33,1.4486e-06
11,34,1.85035e-07
11,35,1.50475e-08
11,36,7.01664e-10
11,37,1.42498e-11
11,38,0
11,39,0
11,40,0
11,41,0
11,42,0
11,43,0
11,44,0
11,45,0
11,46,0
11,47,0
11,48,0
11,49,0
12,0,0
12,1,0
12,2,0
12,3,0
12,4,0
12,5,0
12,6,0
12,7,0
12,8,0
12,9,0
12,10,0
12,11,0
12,12,1.5346e-11
12,13,8.18608e-10
12,14,1.91446e-08
12,15,2.58581e-07
12,16,2.24001e-06
12,17,1.3109e-05
12,18,5.35079e-05
12,19,0.000156964
12,20,0.000345703
12,21,0.000609283
12,22,0.00091379
12,23,0.00120239
12,24,0.001409
12,25,0.00148512
12,26,0.001409
12,27,0.00120239
12,28,0.00091379
12,29,0.000609283
12,30,0.000345703
12,31,0.000156964
12,32,5.35079e-05
12,33,1.3109e-05
12,34,2.24001e-06
12,35,2.58581e-07
12,36,1.91446e-08
12,37,8.18609e-10
12,38,1.5346e-11
12,39,0
12,40,0
12,41,0
12,42,0
12,43,0
12,44,0
12,45,0
12,46,0
12,47,0
12,48,0
12,49,0
13,0,0
13,1,0
13,2,0
13,3,0
13,4,0
13,5,0
13,6,0
13,7,0
13,8,0
13,9,0
13,10,0
13,11,1.42498e-11
13,12,8.18608e-10
13,13,2.07376e-08
13,14,3.0533e-07
13,15,2.90217e-06
13,16,1.87468e-05
13,17,8.4759e-05
13,18,0.000274772
13,19,0.000660902
13,20,0.00124935
13,21,0.00199336
13,22,0.00280967
13,23,0.00355104
13,24,0.00407622
13,25,0.00426467
13,26,0.00407622
13,27,0.00355104
13,28,0.00280967
13,29,0.00199336
13,30,0.00124935
13,31,0.000660902
13,32,0.000274772
13,33,8.4759e-05
13,34,1.87468e-05
13,35,2.90217e-06
13,36,3.0533e-07
13,37,2.07376e-08
13,38,8.18609e-10
13,39,1.42498e-11
13,40,0
13,41,0
13,42,0
13,43,0
13,44,0
13,45,0
13,46,0
13,47,0
13,48,0
13,49,0
14,0,0
14,1,0
14,2,0
14,3,0
14,4,0
14,5,0
14,6,0
14,7,0
14,8,0
14,9,0
14,10,1.13999e-11
14,11,7.01664e-10
14,12,1.91446e-08
14,13,3.0533e-07
14,14,3.16253e-06
14,15,2.23883e-05
14,16,0.000111382
14,17,0.000397147
14,18,0.00104118
14,19,0.00210612
14,20,0.0035436
14,21,0.00529023
14,22,0.00714451
14,23,0.00880169
14,24,0.00997258
14,25,0.0103834
14,26,0.00997258
14,27,0.00880169
14,28,0.00714451
14,29,0.00529023
14,30,0.0035436
14,31,0.00210612
14,32,0.00104118
14,33,0.000397147
14,34,0.000111382
14,35,2.23883e-05
14,36,3.16253e-06
14,37,3.0533e-07
14,38,1.91446e-08
14,39,7.01664e-10
14,40,1.13999e-11
14,41,0
14,42,0
14,43,0
14,44,0
14,45,0
14,46,0
14,47,0
14,48,0
14,49,0
15,0,0
15,1,0
15,2,0
15,3,0
15,4,0
15,5,0
15,6,0
15,7,0
15,8,0
15,9,7.8374e-12
15,10,5.14554e-10
15,11,1.50475e-08
15,12,2.58581e-07
15,13,2.90217e-06
15,14,2.23883e-05
15,15,0.000121944
15,16,0.000476785
15,17,0.00136323
15,18,0.0029603
15,19,0.00524868
15,20,0.00825439
15,21,0.0118959
15,22,0.015685
15,23,0.0191054
15,24,0.021475
15,25,0.0223294
15,26,0.021475
15,27,0.0191054
15,28,0.015685
15,29,0.0118959
15,30,0.00825439
15,31,0.00524868
15,32,0.00296031
15,33,0.00136323
15,34,0.000476785
15,35,0.000121944
15,36,2.23883e-05
15,37,2.90217e-06
15,38,2.58581e-07
15,39,1.50475e-08
15,40,5.14554e-10
15,41,7.8374e-12
15,42,0
15,43,0
15,44,0
15,45,0
15,46,0
15,47,0
15,48,0
15,49,0
16,0,0
16,1,0
16,2,0
16,3,0
16,4,0
16,5,0
16,6,0
16,7,0
16,8,4.61024e-12
16,9,3.21596e-10
16,10,1.00378e-08
16,11,1.85035e-07
16,12,2.24001e-06
16,13,1.87468e-05
16,14,0.000111382
16,15,0.000476785
16,16,0.00149059
16,17,0.00350155
16,18,0.00659182
16,19,0.0109296
16,20,0.016838
16,21,0.0238668
16,22,0.0311763
16,23,0.0377513
16,24,0.0422127
16,25,0.0438784
16,26,0.0422127
16,27,0.0377513
16,28,0.0311763
16,29,0.0238668
16,30,0.016838
16,31,0.0109296
16,32,0.00659182
16,33,0.00350155
16,34,0.00149059
16,35,0.000476785
16,36,0.000111382
16,37,1.87468e-05
16,38,2.24001e-06
16,39,1.85035e-07
16,40,1.00378e-08
16,41,3.21596e-10
16,42,4.61024e-12
16,43,0
16,44,0
16,45,0
16,46,0
16,47,0
16,48,0
16,49,0
17,0,0
17,1,0
17,2,0
17,3,0
17,4,0
17,5,0
17,6,0
17,7,2.30512e-12
17,8,1.70257e-10
17,9,5.65152e-09
17,10,1.11343e-07
17,11,1.4486e-06
17,12,1.3109e-05
17,13,8.4759e-05
17,14,0.000397147
17,15,0.00136323
17,16,0.00350155
17,17,0.00710211
17,18,0.0125107
17,19,0.0206179
17,20,0.0315414
17,21,0.044157
17,22,0.0573385
17,23,0.0687694
17,24,0.0766186
17,25,0.0794119
17,26,0.0766186
17,27,0.0687694
17,28,0.0573385
17,29,0.044157
17,30,0.0315414
17,31,0.0206179
17,32,0.0125107
17,33,0.00710211
17,34,0.00350155
17,35,0.00136323
17,36,0.000397147
17,37,8.4759e-05
17,38,1.3109e-05
17,39,1.4486e-06
17,40,1.11343e-07
17,41,5.65152e-09
17,42,1.70257e-10
17,43,2.30512e-12
17,44,0
17,45,0
17,46,0
17,47,0
17,48,0
17,49,0
18,0,0
18,1,0
18,2,0
18,3,0
18,4,0
18,5,0
18,6,9.70576e-13
18,7,7.56697e-11
18,8,2.66306e-09
18,9,5.59077e-08
18,10,7.7961e-07
18,11,7.61227e-06
18,12,5.35079e-05
18,13,0.000274772
18,14,0.00104118
18,15,0.00296031
18,16,0.00659182
18,17,0.0125107
18,18,0.0220385
18,19,0.0363039
18,20,0.0545005
18,21,0.0754611
18,22,0.0968094
18,23,0.114872
18,24,0.127352
18,25,0.131517
18,26,0.127352
18,27,0.114872
18,28,0.0968094
18,29,0.0754611
18,30,0.0545005
18,31,0.0363039
18,32,0.0220385
18,33,0.0125106
18,34,0.00659182
18,35,0.00296031
18,36,0.00104118
18,37,0.000274772
18,38,5.35079e-05
18,39,7.61227e-06
18,40,7.7961e-07
18,41,5.59077e-08
18,42,2.66306e-09
18,43,7.56697e-11
18,44,9.70576e-13
18,45,0
18,46,0
18,47,0
18,48,0
18,49,0
19,0,0
19,1,0
19,2,0
19,3,0
19,4,0
19,5,3.39702e-13
19,6,2.78783e-11
19,7,1.03756e-09
19,8,2.31599e-08
19,9,3.45566e-07
19,10,3.63765e-06
19,11,2.78128e-05
19,12,0.000156964
19,13,0.000660902
19,14,0.00210612
19,15,0.00524868
19,16,0.0109296
19,17,0.0206179
19,18,0.0363039
19,19,0.0584903
19,20,0.0863615
19,21,0.118198
19,22,0.149296
19,23,0.175669
19,24,0.193137
19,25,0.199202
19,26,0.193137
19,27,0.175669
19,28,0.149296
19,29,0.118198
19,30,0.0863615
19,31,0.0584903
19,32,0.0363039
19,33,0.0206179
19,34,0.0109296
19,35,0.00524868
19,36,0.00210612
19,37,0.000660902
19,38,0.000156964
19,39,2.78128e-05
19,40,3.63765e-06
19,41,3.45566e-07
19,42,2.31599e-08
19,43,1.03756e-09
19,44,2.78783e-11
19,45,3.39702e-13
19,46,0
19,47,0
19,48,0
19,49,0
20,0,0
20,1,0
20,2,0
20,3,0
20,4,9.70576e-14
20,5,8.36349e-12
20,6,3.28515e-10
20,7,7.78635e-09
20,8,1.24261e-07
20,9,1.41134e-06
20,10,1.17665e-05
20,11,7.33237e-05
20,12,0.000345703
20,13,0.00124935
20,14,0.0035436
20,15,0.00825439
20,16,0.016838
20,17,0.0315414
20,18,0.0545005
20,19,0.0863615
20,20,0.126149
20,21,0.169863
20,22,0.211753
20,23,0.246395
20,24,0.268549
20,25,0.276426
20,26,0.268549
20,27,0.246395
20,28,0.211753
20,29,0.169863
20,30,0.126149
20,31,0.0863615
20,32,0.0545005
20,33,0.0315414
20,34,0.016838
20,35,0.00825439
20,36,0.0035436
20,37,0.00124935
20,38,0.000345703
20,39,7.33237e-05
20,40,1.17665e-05
20,41,1.41134e-06
20,42,1.24261e-07
20,43,7.78635e-09
20,44,3.28515e-10
20,45,8.36349e-12
20,46,9.70576e-14
20,47,0
20,48,0
20,49,0
21,0,0
21,1,0
21,2,0
21,3,2.20586e-14
21,4,1.99131e-12
21,5,8.24442e-11
21,6,2.07472e-09
21,7,3.54633e-08
21,8,4.3597e-07
21,9,3.98376e-06
21,10,2.76084e-05
21,11,0.000147076
21,12,0.000609283
21,13,0.00199336
21,14,0.00529023
21,15,0.0118959
21,16,0.0238668
21,17,0.044157
21,18,0.0754611
21,19,0.118198
21,20,0.169863
21,21,0.225202
21,22,0.276848
21,23,0.31766
21,24,0.343294
21,25,0.351916
21,26,0.343294
21,27,0.31766
21,28,0.276848
21,29,0.225202
21,30,0.169863
21,31,0.118198
21,32,0.0754611
21,33,0.044157
21,34,0.0238668
21,35,0.0118959
21,36,0.00529023
21,37,0.00199336
21,38,0.000609283
21,39,0.000147076
21,40,2.76084e-05
21,41,3.98376e-06
21,42,4.3597e-07
21,43,3.54633e-08
21,44,2.07472e-09
21,45,8.24442e-11
21,46,1.99131e-12
21,47,2.20586e-14
21,48,0
21,49,0
22,0,0
22,1,0
22,2,3.83627e-15
22,3,3.62056e-13
22,4,1.57965e-11
22,5,4.22909e-10
22,6,7.77712e-09
22,7,1.04207e-07
22,8,1.05327e-06
22,9,8.20446e-06
22,10,4.99244e-05
22,11,0.000239516
22,12,0.00091379
22,13,0.00280967
22,14,0.00714451
22,15,0.015685
22,16,0.0311763
22,17,0.0573385
22,18,0.0968094
22,19,0.149296
22,20,0.211753
22,21,0.276848
22,22,0.33503
22,23,0.379285
22,24,0.405571
22,25,0.414281
22,26,0.405571
22,27,0.379285
22,28,0.33503
22,29,0.276848
22,30,0.211753
22,31,0.149296
22,32,0.0968094
22,33,0.0573385
22,34,0.0311763
22,35,0.015685
22,36,0.00714451
22,37,0.00280967
22,38,0.00091379
22,39,0.000239516
22,40,4.99244e-05
22,41,8.20446e-06
22,42,1.05327e-06
22,43,1.04207e-07
22,44,7.77712e-09
22,45,4.22909e-10
22,46,1.57965e-11
22,47,3.62056e-13
22,48,3.83627e-15
22,49,0
23,0,0
23,1,4.79534e-16
23,2,4.72247e-14
23,3,2.1756e-12
23,4,6.23551e-11
23,5,1.24664e-09
23,6,1.84618e-08
23,7,2.09713e-07
23,8,1.86543e-06
23,9,1.31471e-05
23,10,7.38708e-05
23,11,0.00033219
23,12,0.00120239
23,13,0.00355104
23,14,0.00880169
23,15,0.0191054
23,16,0.0377513
23,17,0.0687694
23,18,0.114872
23,19,0.175669
23,20,0.246395
23,21,0.31766
23,22,0.379285
23,23,0.42347
23,24,0.448281
23,25,0.456218
23,26,0.448281
23,27,0.423471
23,28,0.379285
23,29,0.31766
23,30,0.246395
23,31,0.175669
23,32,0.114872
23,33,0.0687694
23,34,0.0377513
23,35,0.0191054
23,36,0.00880169
23,37,0.00355104
23,38,0.00120239
23,39,0.00033219
23,40,7.38708e-05
23,41,1.31471e-05
23,42,1.86543e-06
23,43,2.09713e-07
23,44,1.84618e-08
23,45,1.24664e-09
23,46,6.23551e-11
23,47,2.1756e-12
23,48,4.72247e-14
23,49,4.42646e-16
24,0,0
24,1,3.93539e-15
24,2,1.92978e-13
24,3,6.02641e-12
24,4,1.34317e-10
24,5,2.26285e-09
24,6,2.97209e-08
24,7,3.09426e-07
24,8,2.57532e-06
24,9,1.72051e-05
24,10,9.24634e-05
24,11,0.000400734
24,12,0.001409
24,13,0.00407622
24,14,0.00997258
24,15,0.021475
24,16,0.0422127
24,17,0.0766186
24,18,0.127352
24,19,0.193137
24,20,0.268549
24,21,0.343294
24,22,0.405571
24,23,0.448281
24,24,0.471066
24,25,0.480264
24,26,0.471066
24,27,0.448281
24,28,0.405571
24,29,0.343294
24,30,0.268549
24,31,0.193137
24,32,0.127352
24,33,0.0766186
24,34,0.0422127
24,35,0.021475
24,36,0.00997258
24,37,0.00407622
24,38,0.001409
24,39,0.000400734
24,40,9.24634e-05
24,41,1.72051e-05
24,42,2.57532e-06
24,43,3.09426e-07
24,44,2.97209e-08
24,45,2.26285e-09
24,46,1.34317e-10
24,47,6.02641e-12
24,48,1.92976e-13
24,49,3.88421e-15
25,0,0
25,1,8.51719e-15
25,2,3.09071e-13
25,3,8.27216e-12
25,4,1.69823e-10
25,5,2.72597e-09
25,6,3.46282e-08
25,7,3.51135e-07
25,8,2.85929e-06
25,9,1.87651e-05
25,10,9.94394e-05
25,11,0.000426228
25,12,0.00148512
25,13,0.00426467
25,14,0.0103834
25,15,0.0223294
25,16,0.0438784
25,17,0.0794119
25,18,0.131517
25,19,0.199202
25,20,0.276426
25,21,0.351916
25,22,0.414281
25,23,0.456218
25,24,0.480263
25,25,0.506336
25,26,0.480263
25,27,0.456218
25,28,0.414281
25,29,0.351916
25,30,0.276426
25,31,0.199202
25,32,0.131517
25,33,0.0794119
25,34,0.0438784
25,35,0.0223294
25,36,0.0103834
25,37,0.00426467
25,38,0.00148512
25,39,0.000426228
25,40,9.94394e-05
25,41,1.87651e-05
25,42,2.85929e-06
25,43,3.51135e-07
25,44,3.46282e-08
25,45,2.72597e-09
25,46,1.69823e-10
25,47,8.27216e-12
25,48,3.09076e-13
25,49,8.92895e-15
26,0,0
26,1,3.93539e-15
26,2,1.92978e-13
26,3,6.02641e-12
26,4,1.34317e-10
26,5,2.26285e-09
26,6,2.97209e-08
26,7,3.09426e-07
26,8,2.57532e-06
26,9,1.72051e-05
26,10,9.24634e-05
26,11,0.000400734
26,12,0.001409
26,13,0.00407622
26,14,0.00997258
26,15,0.021475
26,16,0.0422127
26,17,0.0766186
26,18,0.127352
26,19,0.193137
26,20,0.268549
26,21,0.343294
26,22,0.405571
26,23,0.448281
26,24,0.471066
26,25,0.480264
26,26,0.471066
26,27,0.448281
26,28,0.405571
26,29,0.343294
26,30,0.268549
26,31,0.193137
26,32,0.127352
26,33,0.0766186
26,34,0.0422127
26,35,0.021475
26,36,0.00997258
26,37,0.00407622
26,38,0.001409
26,39,0.000400734
26,40,9.24634e-05
26,41,1.72051e-05
26,42,2.57532e-06
26,43,3.09426e-07
26,44,2.97209e-08
26,45,2.26285e-09
26,46,1.34317e-10
26,47,6.02641e-12
26,48,1.92976e-13
26,49,3.88421e-15
27,0,0
27,1,4.79534e-16
27,2,4.72247e-14
27,3,2.1756e-12
27,4,6.23551e-11
27,5,1.24664e-09
27,6,1.84618e-08
27,7,2.09713e-07
27,8,1.86543e-06
27,9,1.31471e-05
27,10,7.38708e-05
27,11,0.00033219
27,12,0.00120239
27,13,0.00355104
27,14,0.00880169
27,15,0.0191054
27,16,0.0377513
27,17,0.0687694
27,18,0.114872
27,19,0.175669
27,20,0.246395
27,21,0.31766
27,22,0.379285
27,23,0.42347
27,24,0.448281
27,25,0.456218
27,26,0.448281
27,27,0.423471
27,28,0.379285
27,29,0.31766
27,30,0.246395
27,31,0.175669
27,32,0.114872
27,33,0.0687694
27,34,0.0377513
27,35,0.0191054
27,36,0.00880169
27,37,0.00355104
27,38,0.00120239
27,39,0.00033219
27,40,7.38708e-05
27,41,1.31471e-05
27,42,1.86543e-06
27,43,2.09713e-07
27,44,1.84618e-08
27,45,1.24664e-09
27,46,6.23551e-11
27,47,2.1756e-12
27,48,4.72247e-14
27,49,4.42646e-16
28,0,0
28,1,0
28,2,3.83627e-15
28,3,3.62056e-13
28,4,1.57965e-11
28,5,4.22909e-10
28,6,7.77712e-09
28,7,1.04207e-07
28,8,1.05327e-06
28,9,8.20446e-06
28,10,4.99244e-05
28,11,0.000239516
28,12,0.00091379
28,13,0.00280967
28,14,0.00714451
28,15,0.015685
28,16,0.0311763
28,17,0.0573385
28,18,0.0968094
28,19,0.149296
28,20,0.211753
28,21,0.276848
28,22,0.33503
28,23,0.379285
28,24,0.405571
28,25,0.414281
28,26,0.405571
28,27,0.379285
28,28,0.33503
28,29,0.276848
28,30,0.211753
28,31,0.149296
28,32,0.0968094
28,33,0.0573385
28,34,0.0311763
28,35,0.015685
28,36,0.00714451
28,37,0.00280967
28,38,0.00091379
28,39,0.000239516
28,40,4.99244e-05
28,41,8.20446e-06
28,42,1.05327e-06
28,43,1.04207e-07
28,44,7.77712e-09
28,45,4.22909e-10
28,46,1.57965e-11
28,47,3.62056e-13
28,48,3.83627e-15
28,49,0
29,0,0
29,1,0
29,2,0
29,3,2.20586e-14
29,4,1.99131e-12
29,5,8.24442e-11
29,6,2.07472e-09
29,7,3.54633e-08
29,8,4.3597e-07
29,9,3.98376e-06
29,10,2.76084e-05
29,11,0.000147076
29,12,0.000609283
29,13,0.00199336
29,14,0.00529023
29,15,0.0118959
29,16,0.0238668
29,17,0.044157
29,18,0.0754611
29,19,0.118198
29,20,0.169863
29,21,0.225202
29,22,0.276848
29,23,0.31766
29,24,0.343294
29,25,0.351916
29,26,0.343294
29,27,0.31766
29,28,0.276848
29,29,0.225202
29,30,0.169863
29,31,0.118198
29,32,0.0754611
29,33,0.044157
29,34,0.0238668
29,35,0.0118959
29,36,0.00529023
29,37,0.00199336
29,38,0.000609283
29,39,0.000147076
29,40,2.76084e-05
29,41,3.98376e-06
29,42,4.3597e-07
29,43,3.54633e-08
29,44,2.07472e-09
29,45,8.24442e-11
29,46,1.99131e-12
29,47,2.20586e-14
29,48,0
29,49,0
30,0,0
30,1,0
30,2,0
30,3,0
30,4,9.70576e-14
30,5,8.36349e-12
30,6,3.28515e-10
30,7,7.78635e-09
30,8,1.24261e-07
30,9,1.41134e-06
30,10,1.17665e-05
30,11,7.33237e-05
30,12,0.000345703
30,13,0.00124935
30,14,0.0035436
30,15,0.00825439
30,16,0.016838
30,17,0.0315414
30,18,0.0545005
30,19,0.0863615
30,20,0.126149
30,21,0.169863
30,22,0.211753
30,23,0.246395
30,24,0.268549
30,25,0.276426
30,26,0.268549
30,27,0.246395
30,28,0.211753
30,29,0.169863
30,30,0.126149
30,31,0.0863615
30,32,0.0545005
30,33,0.0315414
30,34,0.016838
30,35,0.00825439
30,36,0.0035436
30,37,0.00124935
30,38,0.000345703
30,39,7.33237e-05
30,40,1.17665e-05
30,41,1.41134e-06
30,42,1.24261e-07
30,43,7.78635e-09
30,44,3.28515e-10
30,45,8.36349e-12
30,46,9.70576e-14
30,47,0
30,48,0
30,49,0
31,0,0
31,1,0
31,2,0
31,3,0
31,4,0
31,5,3.39702e-13
31,6,2.78783e-11
31,7,1.03756e-09
31,8,2.31599e-08
31,9,3.45566e-07
31,10,3.63765e-06
31,11,2.78128e-05
31,12,0.000156964
31,13,0.000660902
31,14,0.00210612
31,15,0.00524868
31,16,0.0109296
31,17,0.0206179
31,18,0.0363039
31,19,0.0584903
31,20,0.0863615
31,21,0.118198
31,22,0.149296
31,23,0.175669
31,24,0.193137
31,25,0.199202
31,26,0.193137
31,27,0.175669
31,28,0.149296
31,29,0.118198
31,30,0.0863615
31,31,0.0584903
31,32,0.0363039
31,33,0.0206179
31,34,0.0109296
31,35,0.00524868
31,36,0.00210612
31,37,0.000660902
31,38,0.000156964
31,39,2.78128e-05
31,40,3.63765e-06
31,41,3.45566e-07
31,42,2.31599e-08
31,43,1.03756e-09
31,44,2.78783e-11
31,45,3.39702e-13
31,46,0
31,47,0
31,48,0
31,49,0
32,0,0
32,1,0
32,2,0
32,3,0
32,4,0
32,5,0
32,6,9.70576e-13
32,7,7.56697e-11
32,8,2.66306e-09
32,9,5.59077e-08
32,10,7.7961e-07
32,11,7.61227e-06
32,12,5.35079e-05
32,13,0.000274772
32,14,0.00104118
32,15,0.00296031
32,16,0.00659182
32,17,0.0125107
32,18,0.0220385
32,19,0.0363039
32,20,0.0545005
32,21,0.0754611
32,22,0.0968094
32,23,0.114872
32,24,0.127352
32,25,0.131517
32,26,0.127352
32,27,0.114872
32,28,0.0968094
32,29,0.0754611
32,30,0.0545005
32,31,0.0363039
32,32,0.0220385
32,33,0.0125106
32,34,0.00659182
32,35,0.00296031
32,36,0.00104118
32,37,0.000274772
32,38,5.35079e-05
32,39,7.61227e-06
32,40,7.7961e-07
32,41,5.59077e-08
32,42,2.66306e-09
32,43,7.56697e-11
32,44,9.70576e-13
32,45,0
32,46,0
32,47,0
32,48,0
32,49,0
33,0,0
33,1,0
33,2,0
33,3,0
33,4,0
33,5,0
33,6,0
33,7,2.30512e-12
33,8,1.70257e-10
33,9,5.65152e-09
33,10,1.11343e-07
33,11,1.4486e-06
33,12,1.3109e-05
33,13,8.4759e-05
33,14,0.000397147
33,15,0.00136323
33,16,0.00350155
33,17,0.00710211
33,18,0.0125107
33,19,0.0206179
33,20,0.0315414
33,21,0.044157
33,22,0.0573385
33,23,0.0687694
33,24,0.0766186
33,25,0.0794119
33,26,0.0766186
33,27,0.0687694
33,28,0.0573385
33,29,0.044157
33,30,0.0315414
33,31,0.0206179
33,32,0.0125107
33,33,0.00710211
33,34,0.00350155
33,35,0.00136323
33,36,0.000397147
33,37,8.4759e-05
33,38,1.3109e-05
33,39,1.4486e-06
33,40,1.11343e-07
33,41,5.65152e-09
33,42,1.70257e-10
33,43,2.30512e-12
33,44,0
33,45,0
33,46,0
33,47,0
33,48,0
33,49,0
34,0,0
34,1,0
34,2,0
34,3,0
34,4,0
34,5,0
34,6,0
34,7,0
34,8,4.61024e-12
34,9,3.21596e-10
34,10,1.00378e-08
34,11,1.85035e-07
34,12,2.24001e-06
34,13,1.87468e-05
34,14,0.000111382
34,15,0.000476785
34,16,0.00149059
34,17,0.00350155
34,18,0.00659182
34,19,0.0109296
34,20,0.016838
34,21,0.0238668
34,22,0.0311763
34,23,0.0377513
34,24,0.0422127
34,25,0.0438784
34,26,0.0422127
34,27,0.0377513
34,28,0.0311763
34,29,0.0238668
34,30,0.016838
34,31,0.0109296
34,32,0.00659182
34,33,0.00350155
34,34,0.00149059
34,35,0.000476785
34,36,0.000111382
34,37,1.87468e-05
34,38,2.24001e-06
34,39,1.85035e-07
34,40,1.00378e-08
34,41,3.21596e-10
34,42,4.61024e-12
34,43,0
34,44,0
34,45,0
34,46,0
34,47,0
34,48,0
34,49,0
35,0,0
35,1,0
35,2,0
35,3,0
35,4,0
35,5,0
35,6,0
35,7,0
35,8,0
35,9,7.8374e-12
35,10,5.14554e-10
35,11,1.50475e-08
35,12,2.58581e-07
35,13,2.90217e-06
35,14,2.23883e-05
35,15,0.000121944
35,16,0.000476785
35,17,0.00136323
35,18,0.0029603
35,19,0.00524868
35,20,0.00825439
35,21,0.0118959
35,22,0.015685
35,23,0.0191054
35,24,0.021475
35,25,0.0223294
35,26,0.021475
35,27,0.0191054
35,28,0.015685
35,29,0.0118959
35,30,0.00825439
35,31,0.00524868
35,32,0.00296031
35,33,0.00136323
35,34,0.000476785
35,35,0.000121944
35,36,2.23883e-05
35,37,2.90217e-06
35,38,2.58581e-07
35,39,1.50475e-08
35,40,5.14554e-10
35,41,7.8374e-12
35,42,0
35,43,0
35,44,0
35,45,0
35,46,0
35,47,0
35,48,0
35,49,0
36,0,0
36,1,0
36,2,0
36,3,0
36,4,0
36,5,0
36,6,0
36,7,0
36,8,0
36,9,0
36,10,1.13999e-11
36,11,7.01664e-10
36,12,1.91446e-08
36,13,3.0533e-07
36,14,3.16253e-06
36,15,2.23883e-05
36,16,0.000111382
36,17,0.000397147
36,18,0.00104118
36,19,0.00210612
36,20,0.0035436
36,21,0.00529023
36,22,0.00714451
36,23,0.00880169
36,24,0.00997258
36,25,0.0103834
36,26,0.00997258
36,27,0.00880169
36,28,0.00714451
36,29,0.00529023
36,30,0.0035436
36,31,0.00210612
36,32,0.00104118
36,33,0.000397147
36,34,0.000111382
36,35,2.23883e-05
36,36,3.16253e-06
36,37,3.0533e-07
36,38,1.91446e-08
36,39,7.01664e-10
36,40,1.13999e-11
36,41,0
36,42,0
36,43,0
36,44,0
36,45,0
36,46,0
36,47,0
36,48,0
36,49,0
37,0,0
37,1,0
37,2,0
37,3,0
37,4,0
37,5,0
37,6,0
37,7,0
37,8,0
37,9,0
37,10,0
37,11,1.42498e-11
37,12,8.18608e-10
37,13,2.07376e-08
37,14,3.0533e-07
37,15,2.90217e-06
37,16,1.87468e-05
37,17,8.4759e-05
37,18,0.000274772
37,19,0.000660902
37,20,0.00124935
37,21,0.00199336
37,22,0.00280967
37,23,0.00355104
37,24,0.00407622
37,25,0.00426467
37,26,0.00407622
37,27,0.00355104
37,28,0.00280967
37,29,0.00199336
37,30,0.00124935
37,31,0.000660902
37,32,0.000274772
37,33,8.4759e-05
37,34,1.87468e-05
37,35,2.90217e-06
37,36,3.0533e-07
37,37,2.07376e-08
37,38,8.18609e-10
37,39,1.42498e-11
37,40,0
37,41,0
37,42,0
37,43,0
37,44,0
37,45,0
37,46,0
37,47,0
37,48,0
37,49,0
38,0,0
38,1,0
38,2,0
38,3,0
38,4,0
38,5,0
38,6,0
38,7,0
38,8,0
38,9,0
38,10,0
38,11,0
38,12,1.5346e-11
38,13,8.18608e-10
38,14,1.91446e-08
38,15,2.58581e-07
38,16,2.24001e-06
38,17,1.3109e-05
38,18,5.35079e-05
38,19,0.000156964
38,20,0.000345703
38,21,0.000609283
38,22,0.00091379
38,23,0.00120239
38,24,0.001409
38,25,0.00148512
38,26,0.001409
38,27,0.00120239
38,28,0.00091379
38,29,0.000609283
38,30,0.000345703
38,31,0.000156964
38,32,5.35079e-05
38,33,1.3109e-05
38,34,2.24001e-06
38,35,2.58581e-07
38,36,1.91446e-08
38,37,8.18609e-10
38,38,1.5346e-11
38,39,0
38,40,0
38,41,0
38,42,0
38,43,0
38,44,0
38,45,0
38,46,0
38,47,0
38,48,0
38,49,0
39,0,0
39,1,0
39,2,0
39,3,0
39,4,0
39,5,0
39,6,0
39,7,0
39,8,0
39,9,0
39,10,0
39,11,0
39,12,0
39,13,1.42498e-11
39,14,7.01664e-10
39,15,1.50475e-08
39,16,1.85035e-07
39,17,1.4486e-06
39,18,7.61227e-06
39,19,2.78128e-05
39,20,7.33237e-05
39,21,0.000147076
39,22,0.000239516
39,23,0.00033219
39,24,0.000400734
39,25,0.000426228
39,26,0.000400734
39,27,0.00033219
39,28,0.000239516
39,29,0.000147076
39,30,7.33237e-05
39,31,2.78128e-05
39,32,7.61227e-06
39,33,1.4486e-06
39,34,1.85035e-07
39,35,1.50475e-08
39,36,7.01664e-10
39,37,1.42498e-11
39,38,0
39,39,0
39,40,0
39,41,0
39,42,0
39,43,0
39,44,0
39,45,0
39,46,0
39,47,0
39,48,0
39,49,0
40,0,0
40,1,0
40,2,0
40,3,0
40,4,0
40,5,0
40,6,0
40,7,0
40,8,0
40,9,0
40,10,0
40,11,0
40,12,0
40,13,0
40,14,1.13999e-11
40,15,5.14554e-10
40,16,1.00378e-08
40,17,1.11343e-07
40,18,7.7961e-07
40,19,3.63765e-06
40,20,1.17665e-05
40,21,2.76084e-05
40,22,4.99244e-05
40,23,7.38708e-05
40,24,9.24634e-05
40,25,9.94394e-05
40,26,9.24634e-05
40,27,7.38708e-05
40,28,4.99244e-05
40,29,2.76084e-05
40,30,1.17665e-05
40,31,3.63765e-06
40,32,7.7961e-07
40,33,1.11343e-07
40,34,1.00378e-08
40,35,5.14554e-10
40,36,1.13999e-11
40,37,0
40,38,0
40,39,0
40,40,0
40,41,0
40,42,0
40,43,0
40,44,0
40,45,0
40,46,0
40,47,0
40,48,0
40,49,0
41,0,0
41,1,0
41,2,0
41,3,0
41,4,0
41,5,0
41,6,0
41,7,0
41,8,0
41,9,0
41,10,0
41,11,0
41,12,0
41,13,0
41,14,0
41,15,7.8374e-12
41,16,3.21596e-10
41,17,5.65152e-09
41,18,5.59077e-08
41,19,3.45566e-07
41,20,1.41134e-06
41,21,3.98376e-06
41,22,8.20446e-06
41,23,1.31471e-05
41,24,1.72051e-05
41,25,1.87651e-05
41,26,1.72051e-05
41,27,1.31471e-05
41,28,8.20446e-06
41,29,3.98376e-06
41,30,1.41134e-06
41,31,3.45566e-07
41,32,5.59077e-08
41,33,5.65152e-09
41,34,3.21596e-10
41,35,7.8374e-12
41,36,0
41,37,0
41,38,0
41,39,0
41,40,0
41,41,0
41,42,0
41,43,0
41,44,0
41,45,0
41,46,0
41,47,0
41,48,0
41,49,0
42,0,0
42,1,0
42,2,0
42,3,0
42,4,0
42,5,0
42,6,0
42,7,0
42,8,0
42,9,0
42,10,0
42,11,0
42,12,0
42,13,0
42,14,0
42,15,0
42,16,4.61024e-12
42,17,1.70257e-10
42,18,2.66306e-09
42,19,2.31599e-08
42,20,1.24261e-07
42,21,4.3597e-07
42,22,1.05327e-06
42,23,1.86543e-06
42,24,2.57532e-06
42,25,2.85929e-06
42,26,2.57532e-06
42,27,1.86543e-06
42,28,1.05327e-06
42,29,4.3597e-07
42,30,1.24261e-07
42,31,2.31599e-08
42,32,2.66306e-09
42,33,1.70257e-10
42,34,4.61024e-12
42,35,0
42,36,0
42,37,0
42,38,0
42,39,0
42,40,0
42,41,0
42,42,0
42,43,0
42,44,0
42,45,0
42,46,0
42,47,0
42,48,0
42,49,0
43,0,0
43,1,0
43,2,0
43,3,0
43,4,0
43,5,0
43,6,0
43,7,0
43,8,0
43,9,0
43,10,0
43,11,0
43,12,0
43,13,0
43,14,0
43,15,0
43,16,0
43,17,2.30512e-12
43,18,7.56697e-11
43,19,1.03756e-09
43,20,7.78635e-09
43,21,3.54633e-08
43,22,1.04207e-07
43,23,2.09713e-07
43,24,3.09426e-07
43,25,3.51135e-07
43,26,3.09426e-07
43,27,2.09713e-07
43,28,1.04207e-07
43,29,3.54633e-08
43,30,7.78635e-09
43,31,1.03756e-09
43,32,7.56697e-11
43,33,2.30512e-12
43,34,0
43,35,0
43,36,0
43,37,0
43,38,0
43,39,0
43,40,0
43,41,0
43,42,0
43,43,0
43,44,0
43,45,0
43,46,0
43,47,0
43,48,0
43,49,0
44,0,0
44,1,0
44,2,0
44,3,0
44,4,0
44,5,0
44,6,0
44,7,0
44,8,0
44,9,0
44,10,0
44,11,0
44,12,0
44,13,0
44,14,0
44,15,0
44,16,0
44,17,0
44,18,9.70576e-13
44,19,2.78783e-11
44,20,3.28515e-10
44,21,2.07472e-09
44,22,7.77712e-09
44,23,1.84618e-08
44,24,2.97209e-08
44,25,3.46282e-08
44,26,2.97209e-08
44,27,1.84618e-08
44,28,7.77712e-09
44,29,2.07472e-09
44,30,3.28515e-10
44,31,2.78783e-11
44,32,9.70576e-13
44,33,0
44,34,0
44,35,0
44,36,0
44,37,0
44,38,0
44,39,0
44,40,0
44,41,0
44,42,0
44,43,0
44,44,0
44,45,0
44,46,0
44,47,0
44,48,0
44,49,0
45,0,0
45,1,0
45,2,0
45,3,0
45,4,0
45,5,0
45,6,0
45,7,0
45,8,0
45,9,0
45,10,0
45,11,0
45,12,0
45,13,0
45,14,0
45,15,0
45,16,0
45,17,0
45,18,0
45,19,3.39702e-13
45,20,8.36349e-12
45,21,8.24442e-11
45,22,4.22909e-10
45,23,1.24664e-09
45,24,2.26285e-09
45,25,2.72597e-09
45,26,2.26285e-09
45,27,1.24664e-09
45,28,4.22909e-10
45,29,8.24442e-11
45,30,8.36349e-12
45,31,3.39702e-13
45,32,0
45,33,0
45,34,0
45,35,0
45,36,0
45,37,0
45,38,0
45,39,0
45,40,0
45,41,0
45,42,0
45,43,0
45,44,0
45,45,0
45,46,0
45,47,0
45,48,0
45,49,0
46,0,0
46,1,0
46,2,0
46,3,0
46,4,0
46,5,0
46,6,0
46,7,0
46,8,0
46,9,0
46,10,0
46,11,0
46,12,0
46,13,0
46,14,0
46,15,0
46,16,0
46,17,0
46,18,0
46,19,0
46,20,9.70576e-14
46,21,1.99131e-12
46,22,1.57965e-11
46,23,6.23551e-11
46,24,1.34317e-10
46,25,1.69823e-10
46,26,1.34317e-10
46,27,6.23551e-11
46,28,1.57965e-11
46,29,1.99131e-12
46,30,9.70576e-14
46,31,0
46,32,0
46,33,0
46,34,0
46,35,0
46,36,0
46,37,0
46,38,0
46,39,0
46,40,0
46,41,0
46,42,0
46,43,0
46,44,0
46,45,0
46,46,0
46,47,0
46,48,0
46,49,0
47,0,0
47,1,0
47,2,0
47,3,0
47,4,0
47,5,0
47,6,0
47,7,0
47,8,0
47,9,0
47,10,0
47,11,0
47,12,0
47,13,0
47,14,0
47,15,0
47,16,0
47,17,0
47,18,0
47,19,0
47,20,0
47,21,2.20586e-14
47,22,3.62056e-13
47,23,2.1756e-12
47,24,6.02641e-12
47,25,8.27216e-12
47,26,6.02641e-12
47,27,2.1756e-12
47,28,3.62056e-13
47,29,2.20586e-14
47,30,0
47,31,0
47,32,0
47,33,0
47,34,0
47,35,0
47,36,0
47,37,0
47,38,0
47,39,0
47,40,0
47,41,0
47,42,0
47,43,0
47,44,0
47,45,0
47,46,0
47,47,0
47,48,0
47,49,0
48,0,0
48,1,0
48,2,0
48,3,0
48,4,0
48,5,0
48,6,0
48,7,0
48,8,0
48,9,0
48,10,0
48,11,0
48,12,0
48,13,0
48,14,0
48,15,0
48,16,0
48,17,0
48,18,0
48,19,0
48,20,0
48,21,0
48,22,3.83627e-15
48,23,4.72247e-14
48,24,1.92976e-13
48,25,3.09076e-13
48,26,1.92976e-13
48,27,4.72247e-14
48,28,3.83627e-15
48,29,0
48,30,0
48,31,0
48,32,0
48,33,0
48,34,0
48,35,0
48,36,0
48,37,0
48,38,0
48,39,0
48,40,0
48,41,0
48,42,0
48,43,0
48,44,0
48,45,0
48,46,0
48,47,0
48,48,0
48,49,0
49,0,0
49,1,0
49,2,0
49,3,0
49,4,0
49,5,0
49,6,0
49,7,0
49,8,0
49,9,0
49,10,0
49,11,0
49,12,0
49,13,0
49,14,0
49,15,0
49,16,0
49,17,0
49,18,0
49,19,0
49,20,0
49,21,0
49,22,0
49,23,4.42646e-16
49,24,3.88421e-15
49,25,8.92895e-15
49,26,3.88421e-15
49,27,4.42646e-16
49,28,0
49,29,0
49,30,0
49,31,0
49,32,0
49,33,0
49,34,0
49,35,0
49,36,0
49,37,0
49,38,0
49,39,0
49,40,0
49,41,0
49,42,0
49,43,0
49,44,0
49,45,0
49,46,0
49,47,0
49,48,0
49,49,0
