0,0,0
0,1,0
0,2,0
0,3,0
0,4,0
0,5,0
0,6,0
0,7,0
0,8,0
0,9,0
0,10,0
0,11,0
0,12,0
0,13,0
0,14,0
0,15,0
0,16,0
0,17,0
0,18,0
0,19,0
0,20,0
0,21,0
0,22,0
0,23,0
0,24,0
0,25,0
0,26,0
0,27,0
0,28,0
0,29,0
0,30,0
0,31,0
0,32,0
0,33,0
0,34,0
0,35,0
0,36,0
0,37,0
0,38,0
0,39,0
0,40,0
0,41,0
0,42,0
0,43,0
0,44,0
0,45,0
0,46,0
0,47,0
0,48,0
0,49,0
1,0,0
1,1,0
1,2,0
1,3,0
1,4,0
1,5,0
1,6,0
1,7,0
1,8,0
1,9,0
1,10,0
1,11,0
1,12,0
1,13,0
1,14,0
1,15,0
1,16,0
1,17,0
1,18,0
1,19,0
1,20,0
1,21,1.88816e-15
1,22,3.09354e-14
1,23,1.863e-13
1,24,5.19223e-13
1,25,7.16842e-13
1,26,5.19223e-13
1,27,1.863e-13
1,28,3.09354e-14
1,29,1.88816e-15
1,30,0
1,31,0
1,32,0
1,33,0
1,34,0
1,35,0
1,36,0
1,37,0
1,38,0
1,39,0
1,40,0
1,41,0
1,42,0
1,43,0
1,44,0
1,45,0
1,46,0
1,47,0
1,48,0
1,49,0
2,0,0
2,1,0
2,2,0
2,3,0
2,4,0
2,5,0
2,6,0
2,7,0
2,8,0
2,9,0
2,10,0
2,11,0
2,12,0
2,13,0
2,14,0
2,15,0
2,16,0
2,17,0
2,18,0
2,19,0
2,20,9.06319e-15
2,21,1.85613e-13
2,22,1.47587e-12
2,23,5.86659e-12
2,24,1.27622e-11
2,25,1.62266e-11
2,26,1.27622e-11
2,27,5.86659e-12
2,28,1.47587e-12
2,29,1.85613e-13
2,30,9.06319e-15
2,31,0
2,32,0
2,33,0
2,34,0
2,35,0
2,36,0
2,37,0
2,38,0
2,39,0
2,40,0
2,41,0
2,42,0
2,43,0
2,44,0
2,45,0
2,46,0
2,47,0
2,48,0
2,49,0
3,0,0
3,1,0
3,2,0
3,3,0
3,4,0
3,5,0
3,6,0
3,7,0
3,8,0
3,9,0
3,10,0
3,11,0
3,12,0
3,13,0
3,14,0
3,15,0
3,16,0
3,17,0
3,18,0
3,19,3.47422e-14
3,20,8.53818e-13
3,21,8.43605e-12
3,22,4.35851e-11
3,23,1.2998e-10
3,24,2.388e-10
3,25,2.89046e-10
3,26,2.388e-10
3,27,1.2998e-10
3,28,4.35851e-11
3,29,8.43605e-12
3,30,8.53818e-13
3,31,3.47422e-14
3,32,0
3,33,0
3,34,0
3,35,0
3,36,0
3,37,0
3,38,0
3,39,0
3,40,0
3,41,0
3,42,0
3,43,0
3,44,0
3,45,0
3,46,0
3,47,0
3,48,0
3,49,0
4,0,0
4,1,0
4,2,0
4,3,0
4,4,0
4,5,0
4,6,0
4,7,0
4,8,0
4,9,0
4,10,0
4,11,0
4,12,0
4,13,0
4,14,0
4,15,0
4,16,0
4,17,0
4,18,1.0919e-13
4,19,3.13067e-12
4,20,3.69748e-11
4,21,2.35208e-10
4,22,8.92796e-10
4,23,2.15323e-09
4,24,3.51222e-09
4,25,4.10954e-09
4,26,3.51222e-09
4,27,2.15323e-09
4,28,8.92796e-10
4,29,2.35208e-10
4,30,3.69748e-11
4,31,3.13067e-12
4,32,1.0919e-13
4,33,0
4,34,0
4,35,0
4,36,0
4,37,0
4,38,0
4,39,0
4,40,0
4,41,0
4,42,0
4,43,0
4,44,0
4,45,0
4,46,0
4,47,0
4,48,0
4,49,0
5,0,0
5,1,0
5,2,0
5,3,0
5,4,0
5,5,0
5,6,0
5,7,0
5,8,0
5,9,0
5,10,0
5,11,0
5,12,0
5,13,0
5,14,0
5,15,0
5,16,0
5,17,2.86623e-13
5,18,9.392e-12
5,19,1.29064e-10
5,20,9.75578e-10
5,21,4.5015e-09
5,22,1.34697e-08
5,23,2.76339e-08
5,24,4.13214e-08
5,25,4.70908e-08
5,26,4.13214e-08
5,27,2.76339e-08
5,28,1.34697e-08
5,29,4.50149e-09
5,30,9.75578e-10
5,31,1.29064e-10
5,32,9.392e-12
5,33,2.86623e-13
5,34,0
5,35,0
5,36,0
5,37,0
5,38,0
5,39,0
5,40,0
5,41,0
5,42,0
5,43,0
5,44,0
5,45,0
5,46,0
5,47,0
5,48,0
5,49,0
6,0,0
6,1,0
6,2,0
6,3,0
6,4,0
6,5,0
6,6,0
6,7,0
6,8,0
6,9,0
6,10,0
6,11,0
6,12,0
6,13,0
6,14,0
6,15,0
6,16,6.36941e-13
6,17,2.348e-11
6,18,3.68046e-10
6,19,3.22375e-09
6,20,1.75267e-08
6,21,6.2706e-08
6,22,1.55109e-07
6,23,2.8067e-07
6,24,3.92649e-07
6,25,4.37916e-07
6,26,3.92649e-07
6,27,2.8067e-07
6,28,1.55109e-07
6,29,6.2706e-08
6,30,1.75267e-08
6,31,3.22375e-09
6,32,3.68046e-10
6,33,2.348e-11
6,34,6.36941e-13
6,35,0
6,36,0
6,37,0
6,38,0
6,39,0
6,40,0
6,41,0
6,42,0
6,43,0
6,44,0
6,45,0
6,46,0
6,47,0
6,48,0
6,49,0
7,0,0
7,1,0
7,2,0
7,3,0
7,4,0
7,5,0
7,6,0
7,7,0
7,8,0
7,9,0
7,10,0
7,11,0
7,12,0
7,13,0
7,14,0
7,15,1.21019e-12
7,16,4.95689e-11
7,17,8.72883e-10
7,18,8.69584e-09
7,19,5.44648e-08
7,20,2.27008e-07
7,21,6.58018e-07
7,22,1.39391e-06
7,23,2.28427e-06
7,24,3.029e-06
7,25,3.31904e-06
7,26,3.02901e-06
7,27,2.28427e-06
7,28,1.39391e-06
7,29,6.58018e-07
7,30,2.27008e-07
7,31,5.44648e-08
7,32,8.69584e-09
7,33,8.72883e-10
7,34,4.95689e-11
7,35,1.21019e-12
7,36,0
7,37,0
7,38,0
7,39,0
7,40,0
7,41,0
7,42,0
7,43,0
7,44,0
7,45,0
7,46,0
7,47,0
7,48,0
7,49,0
8,0,0
8,1,0
8,2,0
8,3,0
8,4,0
8,5,0
8,6,0
8,7,0
8,8,0
8,9,0
8,10,0
8,11,0
8,12,0
8,13,0
8,14,1.98031e-12
8,15,8.9224e-11
8,16,1.74398e-09
8,17,1.94776e-08
8,18,1.38176e-07
8,19,6.58161e-07
8,20,2.19032e-06
8,21,5.31376e-06
8,22,9.9126e-06
8,23,1.49965e-05
8,24,1.90186e-05
8,25,2.05439e-05
8,26,1.90186e-05
8,27,1.49965e-05
8,28,9.9126e-06
8,29,5.31376e-06
8,30,2.19032e-06
8,31,6.58161e-07
8,32,1.38176e-07
8,33,1.94776e-08
8,34,1.74398e-09
8,35,8.9224e-11
8,36,1.98031e-12
8,37,0
8,38,0
8,39,0
8,40,0
8,41,0
8,42,0
8,43,0
8,44,0
8,45,0
8,46,0
8,47,0
8,48,0
8,49,0
9,0,0
9,1,0
9,2,0
9,3,0
9,4,0
9,5,0
9,6,0
9,7,0
9,8,0
9,9,0
9,10,0
9,11,0
9,12,0
9,13,2.80543e-12
9,14,1.37892e-10
9,15,2.96261e-09
9,16,3.6672e-08
9,17,2.90791e-07
9,18,1.55978e-06
9,19,5.86887e-06
9,20,1.6056e-05
9,21,3.34777e-05
9,22,5.6263e-05
9,23,7.96855e-05
9,24,9.73346e-05
9,25,0.000103923
9,26,9.73346e-05
9,27,7.96855e-05
9,28,5.6263e-05
9,29,3.34777e-05
9,30,1.6056e-05
9,31,5.86887e-06
9,32,1.55978e-06
9,33,2.90791e-07
9,34,3.6672e-08
9,35,2.96261e-09
9,36,1.37892e-10
9,37,2.80543e-12
9,38,0
9,39,0
9,40,0
9,41,0
9,42,0
9,43,0
9,44,0
9,45,0
9,46,0
9,47,0
9,48,0
9,49,0
10,0,0
10,1,0
10,2,0
10,3,0
10,4,0
10,5,0
10,6,0
10,7,0
10,8,0
10,9,0
10,10,0
10,11,0
10,12,3.45284e-12
10,13,1.83856e-10
10,14,4.30715e-09
10,15,5.85438e-08
10,16,5.13438e-07
10,17,3.0657e-06
10,18,1.28881e-05
10,19,3.93148e-05
10,20,9.05386e-05
10,21,0.000166142
10,22,0.000256354
10,23,0.000343569
10,24,0.000406814
10,25,0.000430112
10,26,0.000406814
10,27,0.000343569
10,28,0.000256354
10,29,0.000166142
10,30,9.05386e-05
10,31,3.93148e-05
10,32,1.28881e-05
10,33,3.0657e-06
10,34,5.13438e-07
10,35,5.85438e-08
10,36,4.30715e-09
10,37,1.83856e-10
10,38,3.45284e-12
10,39,0
10,40,0
10,41,0
10,42,0
10,43,0
10,44,0
10,45,0
10,46,0
10,47,0
10,48,0
10,49,0
11,0,0
11,1,0
11,2,0
11,3,0
11,4,0
11,5,0
11,6,0
11,7,0
11,8,0
11,9,0
11,10,0
11,11,3.69947e-12
11,12,2.12141e-10
11,13,5.38243e-09
11,14,7.97197e-08
11,15,7.66659e-07
11,16,5.0486e-06
11,17,2.34932e-05
11,18,7.92365e-05
11,19,0.000199995
11,20,0.000396537
11,21,0.000655285
11,22,0.0009434
11,23,0.00120814
11,24,0.00139549
11,25,0.00146315
11,26,0.00139549
11,27,0.00120814
11,28,0.0009434
11,29,0.000655285
11,30,0.000396537
11,31,0.000199995
11,32,7.92365e-05
11,33,2.34932e-05
11,34,5.0486e-06
11,35,7.66659e-07
11,36,7.97197e-08
11,37,5.38243e-09
11,38,2.12141e-10
11,39,3.69947e-12
11,40,0
11,41,0
11,42,0
11,43,0
11,44,0
11,45,0
11,46,0
11,47,0
11,48,0
11,49,0
12,0,0
12,1,0
12,2,0
12,3,0
12,4,0
12,5,0
12,6,0
12,7,0
12,8,0
12,9,0
12,10,3.45284e-12
12,11,2.12141e-10
12,12,5.79593e-09
12,13,9.29427e-08
12,14,9.73204e-07
12,15,7.01498e-06
12,16,3.58659e-05
12,17,0.000132894
12,18,0.000365892
12,19,0.000779683
12,20,0.00136535
12,21,0.00208016
12,22,0.00283633
12,23,0.00350817
12,24,0.00397704
12,25,0.00414299
12,26,0.00397704
12,27,0.00350817
12,28,0.00283633
12,29,0.00208016
12,30,0.00136535
12,31,0.000779683
12,32,0.000365892
12,33,0.000132894
12,34,3.58659e-05
12,35,7.01498e-06
12,36,9.73205e-07
12,37,9.29427e-08
12,38,5.79593e-09
12,39,2.12141e-10
12,40,3.45284e-12
12,41,0
12,42,0
12,43,0
12,44,0
12,45,0
12,46,0
12,47,0
12,48,0
12,49,0
13,0,0
13,1,0
13,2,0
13,3,0
13,4,0
13,5,0
13,6,0
13,7,0
13,8,0
13,9,2.80543e-12
13,10,1.83856e-10
13,11,5.38243e-09
13,12,9.29427e-08
13,13,1.05341e-06
13,14,8.26031e-06
13,15,4.61271e-05
13,16,0.000186875
13,17,0.000559786
13,18,0.00128041
13,19,0.00236549
13,20,0.00377778
13,21,0.00543599
13,22,0.00713143
13,23,0.00862275
13,24,0.00964816
13,25,0.0100125
13,26,0.00964816
13,27,0.00862275
13,28,0.00713143
13,29,0.00543599
13,30,0.00377778
13,31,0.00236549
13,32,0.00128041
13,33,0.000559786
13,34,0.000186875
13,35,4.61271e-05
13,36,8.26031e-06
13,37,1.05341e-06
13,38,9.29427e-08
13,39,5.38243e-09
13,40,1.83856e-10
13,41,2.80543e-12
13,42,0
13,43,0
13,44,0
13,45,0
13,46,0
13,47,0
13,48,0
13,49,0
14,0,0
14,1,0
14,2,0
14,3,0
14,4,0
14,5,0
14,6,0
14,7,0
14,8,1.98031e-12
14,9,1.37892e-10
14,10,4.30715e-09
14,11,7.97197e-08
14,12,9.73205e-07
14,13,8.26031e-06
14,14,5.01445e-05
14,15,0.000221352
14,16,0.000720744
14,17,0.0017732
14,18,0.00346138
14,19,0.00577442
14,20,0.00873455
14,21,0.0121411
14,22,0.0155834
14,23,0.0186085
14,24,0.0206535
14,25,0.0213982
14,26,0.0206535
14,27,0.0186085
14,28,0.0155834
14,29,0.0121411
14,30,0.00873455
14,31,0.00577442
14,32,0.00346138
14,33,0.0017732
14,34,0.000720744
14,35,0.000221352
14,36,5.01445e-05
14,37,8.26031e-06
14,38,9.73204e-07
14,39,7.97197e-08
14,40,4.30715e-09
14,41,1.37892e-10
14,42,1.98031e-12
14,43,0
14,44,0
14,45,0
14,46,0
14,47,0
14,48,0
14,49,0
15,0,0
15,1,0
15,2,0
15,3,0
15,4,0
15,5,0
15,6,0
15,7,1.21019e-12
15,8,8.9224e-11
15,9,2.96261e-09
15,10,5.85438e-08
15,11,7.66659e-07
15,12,7.01498e-06
15,13,4.61271e-05
15,14,0.000221352
15,15,0.000783787
15,16,0.00208358
15,17,0.00432816
15,18,0.00756804
15,19,0.012033
15,20,0.0177845
15,21,0.0242703
15,22,0.0308453
15,23,0.0365083
15,24,0.0403346
15,25,0.041708
15,26,0.0403346
15,27,0.0365083
15,28,0.0308453
15,29,0.0242703
15,30,0.0177845
15,31,0.012033
15,32,0.00756804
15,33,0.00432816
15,34,0.00208358
15,35,0.000783787
15,36,0.000221352
15,37,4.61271e-05
15,38,7.01498e-06
15,39,7.66659e-07
15,40,5.85438e-08
15,41,2.96261e-09
15,42,8.9224e-11
15,43,1.21019e-12
15,44,0
15,45,0
15,46,0
15,47,0
15,48,0
15,49,0
16,0,0
16,1,0
16,2,0
16,3,0
16,4,0
16,5,0
16,6,6.36941e-13
16,7,4.95689e-11
16,8,1.74398e-09
16,9,3.6672e-08
16,10,5.13438e-07
16,11,5.0486e-06
16,12,3.58659e-05
16,13,0.000186875
16,14,0.000720744
16,15,0.00208358
16,16,0.00465893
16,17,0.00862878
16,18,0.0144683
16,19,0.0228018
16,20,0.0332092
16,21,0.0447933
16,22,0.0563767
16,23,0.066055
16,24,0.0726511
16,25,0.074882
16,26,0.0726511
16,27,0.066055
16,28,0.0563767
16,29,0.0447933
16,30,0.0332092
16,31,0.0228018
16,32,0.0144683
16,33,0.00862878
16,34,0.00465893
16,35,0.00208358
16,36,0.000720744
16,37,0.000186875
16,38,3.58659e-05
16,39,5.0486e-06
16,40,5.13438e-07
16,41,3.6672e-08
16,42,1.74398e-09
16,43,4.95689e-11
16,44,6.36941e-13
16,45,0
16,46,0
16,47,0
16,48,0
16,49,0
17,0,0
17,1,0
17,2,0
17,3,0
17,4,0
17,5,2.86623e-13
17,6,2.348e-11
17,7,8.72882e-10
17,8,1.94776e-08
17,9,2.90791e-07
17,10,3.0657e-06
17,11,2.34932e-05
17,12,0.000132894
17,13,0.000559786
17,14,0.0017732
17,15,0.00432816
17,16,0.00862878
17,17,0.0153636
17,18,0.0257905
17,19,0.0401443
17,20,0.0573691
17,21,0.0763972
17,22,0.0946307
17,23,0.109743
17,24,0.119777
17,25,0.123175
17,26,0.119777
17,27,0.109743
17,28,0.0946307
17,29,0.0763972
17,30,0.0573691
17,31,0.0401443
17,32,0.0257905
17,33,0.0153636
17,34,0.00862878
17,35,0.00432816
17,36,0.0017732
17,37,0.000559786
17,38,0.000132894
17,39,2.34932e-05
17,40,3.0657e-06
17,41,2.90791e-07
17,42,1.94776e-08
17,43,8.72883e-10
17,44,2.348e-11
17,45,2.86623e-13
17,46,0
17,47,0
17,48,0
17,49,0
18,0,0
18,1,0
18,2,0
18,3,0
18,4,1.0919e-13
18,5,9.392e-12
18,6,3.68046e-10
18,7,8.69584e-09
18,8,1.38176e-07
18,9,1.55978e-06
18,10,1.28881e-05
18,11,7.92365e-05
18,12,0.000365892
18,13,0.00128041
18,14,0.00346138
18,15,0.00756804
18,16,0.0144683
18,17,0.0257905
18,18,0.0427891
18,19,0.0649066
18,20,0.0912138
18,21,0.119316
18,22,0.145299
18,23,0.166641
18,24,0.180109
18,25,0.184959
18,26,0.180109
18,27,0.166641
18,28,0.145299
18,29,0.119316
18,30,0.0912138
18,31,0.0649066
18,32,0.0427891
18,33,0.0257905
18,34,0.0144683
18,35,0.00756804
18,36,0.00346138
18,37,0.00128041
18,38,0.000365892
18,39,7.92365e-05
18,40,1.28881e-05
18,41,1.55978e-06
18,42,1.38176e-07
18,43,8.69584e-09
18,44,3.68046e-10
18,45,9.392e-12
18,46,1.0919e-13
18,47,0
18,48,0
18,49,0
19,0,0
19,1,0
19,2,0
19,3,3.47422e-14
19,4,3.13067e-12
19,5,1.29064e-10
19,6,3.22375e-09
19,7,5.44648e-08
19,8,6.58161e-07
19,9,5.86887e-06
19,10,3.93148e-05
19,11,0.000199995
19,12,0.000779683
19,13,0.00236549
19,14,0.00577442
19,15,0.012033
19,16,0.0228018
19,17,0.0401443
19,18,0.0649066
19,19,0.0966398
19,20,0.133543
19,21,0.171047
19,22,0.205055
19,23,0.231577
19,24,0.248
19,25,0.253712
19,26,0.248
19,27,0.231577
19,28,0.205055
19,29,0.171047
19,30,0.133543
19,31,0.0966398
19,32,0.0649066
19,33,0.0401443
19,34,0.0228018
19,35,0.012033
19,36,0.00577442
19,37,0.00236549
19,38,0.000779683
19,39,0.000199995
19,40,3.93148e-05
19,41,5.86887e-06
19,42,6.58161e-07
19,43,5.44648e-08
19,44,3.22375e-09
19,45,1.29064e-10
19,46,3.13067e-12
19,47,3.47422e-14
19,48,0
19,49,0
20,0,0
20,1,0
20,2,9.06319e-15
20,3,8.53818e-13
20,4,3.69748e-11
20,5,9.75578e-10
20,6,1.75267e-08
20,7,2.27008e-07
20,8,2.19032e-06
20,9,1.6056e-05
20,10,9.05386e-05
20,11,0.000396537
20,12,0.00136535
20,13,0.00377778
20,14,0.00873455
20,15,0.0177845
20,16,0.0332092
20,17,0.0573691
20,18,0.0912138
20,19,0.133543
20,20,0.180502
20,21,0.226585
20,22,0.26636
20,23,0.295476
20,24,0.312919
20,25,0.318466
20,26,0.312919
20,27,0.295476
20,28,0.26636
20,29,0.226585
20,30,0.180502
20,31,0.133543
20,32,0.0912138
20,33,0.0573691
20,34,0.0332092
20,35,0.0177845
20,36,0.00873455
20,37,0.00377778
20,38,0.00136535
20,39,0.000396537
20,40,9.05386e-05
20,41,1.6056e-05
20,42,2.19032e-06
20,43,2.27008e-07
20,44,1.75267e-08
20,45,9.75578e-10
20,46,3.69748e-11
20,47,8.53818e-13
20,48,9.06319e-15
20,49,0
21,0,0
21,1,1.88816e-15
21,2,1.85613e-13
21,3,8.43605e-12
21,4,2.35208e-10
21,5,4.5015e-09
21,6,6.2706e-08
21,7,6.58018e-07
21,8,5.31376e-06
21,9,3.34777e-05
21,10,0.000166142
21,11,0.000655285
21,12,0.00208016
21,13,0.00543599
21,14,0.0121411
21,15,0.0242703
21,16,0.0447933
21,17,0.0763972
21,18,0.119316
21,19,0.171047
21,20,0.226585
21,21,0.278369
21,22,0.319874
21,23,0.347976
21,24,0.362947
21,25,0.367447
21,26,0.362947
21,27,0.347976
21,28,0.319874
21,29,0.278369
21,30,0.226585
21,31,0.171047
21,32,0.119316
21,33,0.0763972
21,34,0.0447933
21,35,0.0242703
21,36,0.0121411
21,37,0.00543599
21,38,0.00208016
21,39,0.000655285
21,40,0.000166142
21,41,3.34777e-05
21,42,5.31376e-06
21,43,6.58018e-07
21,44,6.2706e-08
21,45,4.50149e-09
21,46,2.35208e-10
21,47,8.43605e-12
21,48,1.85613e-13
21,49,1.61843e-15
22,0,0
22,1,3.09354e-14
22,2,1.47587e-12
22,3,4.35851e-11
22,4,8.92796e-10
22,5,1.34697e-08
22,6,1.55109e-07
22,7,1.39391e-06
22,8,9.9126e-06
22,9,5.6263e-05
22,10,0.000256354
22,11,0.0009434
22,12,0.00283633
22,13,0.00713143
22,14,0.0155834
22,15,0.0308453
22,16,0.0563767
22,17,0.0946307
22,18,0.145299
22,19,0.205055
22,20,0.26636
22,21,0.319874
22,22,0.35917
22,23,0.381623
22,24,0.390803
22,25,0.392366
22,26,0.390803
22,27,0.381623
22,28,0.35917
22,29,0.319874
22,30,0.26636
22,31,0.205055
22,32,0.145299
22,33,0.0946307
22,34,0.0563767
22,35,0.0308453
22,36,0.0155834
22,37,0.00713143
22,38,0.00283633
22,39,0.0009434
22,40,0.000256354
22,41,5.6263e-05
22,42,9.9126e-06
22,43,1.39391e-06
22,44,1.55109e-07
22,45,1.34697e-08
22,46,8.92796e-10
22,47,4.35851e-11
22,48,1.47584e-12
22,49,2.82175e-14
23,0,0
23,1,1.863e-13
23,2,5.86659e-12
23,3,1.2998e-10
23,4,2.15323e-09
23,5,2.76339e-08
23,6,2.8067e-07
23,7,2.28427e-06
23,8,1.49965e-05
23,9,7.96855e-05
23,10,0.000343569
23,11,0.00120814
23,12,0.00350817
23,13,0.00862275
23,14,0.0186085
23,15,0.0365083
23,16,0.066055
23,17,0.109743
23,18,0.166641
23,19,0.231577
23,20,0.295476
23,21,0.347976
23,22,0.381623
23,23,0.395425
23,24,0.395178
23,25,0.391571
23,26,0.395178
23,27,0.395425
23,28,0.381623
23,29,0.347976
23,30,0.295476
23,31,0.231577
23,32,0.166641
23,33,0.109743
23,34,0.066055
23,35,0.0365083
23,36,0.0186085
23,37,0.00862275
23,38,0.00350817
23,39,0.00120814
23,40,0.000343569
23,41,7.96855e-05
23,42,1.49965e-05
23,43,2.28427e-06
23,44,2.8067e-07
23,45,2.76339e-08
23,46,2.15323e-09
23,47,1.2998e-10
23,48,5.86641e-12
23,49,1.81241e-13
24,0,0
24,1,5.19223e-13
24,2,1.27622e-11
24,3,2.388e-10
24,4,3.51222e-09
24,5,4.13214e-08
24,6,3.92649e-07
24,7,3.02901e-06
24,8,1.90186e-05
24,9,9.73346e-05
24,10,0.000406814
24,11,0.00139549
24,12,0.00397704
24,13,0.00964816
24,14,0.0206535
24,15,0.0403346
24,16,0.0726511
24,17,0.119777
24,18,0.180109
24,19,0.248
24,20,0.312919
24,21,0.362947
24,22,0.390803
24,23,0.395178
24,24,0.383094
24,25,0.368662
24,26,0.383094
24,27,0.395178
24,28,0.390803
24,29,0.362947
24,30,0.312919
24,31,0.248
24,32,0.180109
24,33,0.119777
24,34,0.0726511
24,35,0.0403346
24,36,0.0206535
24,37,0.00964816
24,38,0.00397704
24,39,0.00139549
24,40,0.000406814
24,41,9.73346e-05
24,42,1.90186e-05
24,43,3.02901e-06
24,44,3.92649e-07
24,45,4.13214e-08
24,46,3.51222e-09
24,47,2.388e-10
24,48,1.27624e-11
24,49,5.3596e-13
25,0,0
25,1,7.16842e-13
25,2,1.62266e-11
25,3,2.89046e-10
25,4,4.10955e-09
25,5,4.70908e-08
25,6,4.37916e-07
25,7,3.31904e-06
25,8,2.05439e-05
25,9,0.000103923
25,10,0.000430113
25,11,0.00146315
25,12,0.00414299
25,13,0.0100125
25,14,0.0213982
25,15,0.041708
25,16,0.074882
25,17,0.123175
25,18,0.184959
25,19,0.253712
25,20,0.318466
25,21,0.367447
25,22,0.392366
25,23,0.391571
25,24,0.368662
25,25,0.324652
25,26,0.368662
25,27,0.391571
25,28,0.392366
25,29,0.367447
25,30,0.318466
25,31,0.253712
25,32,0.184959
25,33,0.123175
25,34,0.074882
25,35,0.041708
25,36,0.0213982
25,37,0.0100125
25,38,0.00414299
25,39,0.00146315
25,40,0.000430113
25,41,0.000103923
25,42,2.05439e-05
25,43,3.31904e-06
25,44,4.37916e-07
25,45,4.70908e-08
25,46,4.10955e-09
25,47,2.89046e-10
25,48,1.6228e-11
25,49,7.63643e-13
26,0,0
26,1,5.19223e-13
26,2,1.27622e-11
26,3,2.388e-10
26,4,3.51222e-09
26,5,4.13214e-08
26,6,3.92649e-07
26,7,3.02901e-06
26,8,1.90186e-05
26,9,9.73346e-05
26,10,0.000406814
26,11,0.00139549
26,12,0.00397704
26,13,0.00964816
26,14,0.0206535
26,15,0.0403346
26,16,0.0726511
26,17,0.119777
26,18,0.180109
26,19,0.248
26,20,0.312919
26,21,0.362947
26,22,0.390803
26,23,0.395178
26,24,0.383094
26,25,0.368662
26,26,0.383094
26,27,0.395178
26,28,0.390803
26,29,0.362947
26,30,0.312919
26,31,0.248
26,32,0.180109
26,33,0.119777
26,34,0.0726511
26,35,0.0403346
26,36,0.0206535
26,37,0.00964816
26,38,0.00397704
26,39,0.00139549
26,40,0.000406814
26,41,9.73346e-05
26,42,1.90186e-05
26,43,3.02901e-06
26,44,3.92649e-07
26,45,4.13214e-08
26,46,3.51222e-09
26,47,2.388e-10
26,48,1.27624e-11
26,49,5.3596e-13
27,0,0
27,1,1.863e-13
27,2,5.86659e-12
27,3,1.2998e-10
27,4,2.15323e-09
27,5,2.76339e-08
27,6,2.8067e-07
27,7,2.28427e-06
27,8,1.49965e-05
27,9,7.96855e-05
27,10,0.000343569
27,11,0.00120814
27,12,0.00350817
27,13,0.00862275
27,14,0.0186085
27,15,0.0365083
27,16,0.066055
27,17,0.109743
27,18,0.166641
27,19,0.231577
27,20,0.295476
27,21,0.347976
27,22,0.381623
27,23,0.395425
27,24,0.395178
27,25,0.391571
27,26,0.395178
27,27,0.395425
27,28,0.381623
27,29,0.347976
27,30,0.295476
27,31,0.231577
27,32,0.166641
27,33,0.109743
27,34,0.066055
27,35,0.0365083
27,36,0.0186085
27,37,0.00862275
27,38,0.00350817
27,39,0.00120814
27,40,0.000343569
27,41,7.96855e-05
27,42,1.49965e-05
27,43,2.28427e-06
27,44,2.8067e-07
27,45,2.76339e-08
27,46,2.15323e-09
27,47,1.2998e-10
27,48,5.86641e-12
27,49,1.81241e-13
28,0,0
28,1,3.09354e-14
28,2,1.47587e-12
28,3,4.35851e-11
28,4,8.92796e-10
28,5,1.34697e-08
28,6,1.55109e-07
28,7,1.39391e-06
28,8,9.9126e-06
28,9,5.6263e-05
28,10,0.000256354
28,11,0.0009434
28,12,0.00283633
28,13,0.00713143
28,14,0.0155834
28,15,0.0308453
28,16,0.0563767
28,17,0.0946307
28,18,0.145299
28,19,0.205055
28,20,0.26636
28,21,0.319874
28,22,0.35917
28,23,0.381623
28,24,0.390803
28,25,0.392366
28,26,0.390803
28,27,0.381623
28,28,0.35917
28,29,0.319874
28,30,0.26636
28,31,0.205055
28,32,0.145299
28,33,0.0946307
28,34,0.0563767
28,35,0.0308453
28,36,0.0155834
28,37,0.00713143
28,38,0.00283633
28,39,0.0009434
28,40,0.000256354
28,41,5.6263e-05
28,42,9.9126e-06
28,43,1.39391e-06
28,44,1.55109e-07
28,45,1.34697e-08
28,46,8.92796e-10
28,47,4.35851e-11
28,48,1.47584e-12
28,49,2.82175e-14
29,0,0
29,1,1.88816e-15
29,2,1.85613e-13
29,3,8.43605e-12
29,4,2.35208e-10
29,5,4.5015e-09
29,6,6.2706e-08
29,7,6.58018e-07
29,8,5.31376e-06
29,9,3.34777e-05
29,10,0.000166142
29,11,0.000655285
29,12,0.00208016
29,13,0.00543599
29,14,0.0121411
29,15,0.0242703
29,16,0.0447933
29,17,0.0763972
29,18,0.119316
29,19,0.171047
29,20,0.226585
29,21,0.278369
29,22,0.319874
29,23,0.347976
29,24,0.362947
29,25,0.367447
29,26,0.362947
29,27,0.347976
29,28,0.319874
29,29,0.278369
29,30,0.226585
29,31,0.171047
29,32,0.119316
29,33,0.0763972
29,34,0.0447933
29,35,0.0242703
29,36,0.0121411
29,37,0.00543599
29,38,0.00208016
29,39,0.000655285
29,40,0.000166142
29,41,3.34777e-05
29,42,5.31376e-06
29,43,6.58018e-07
29,44,6.2706e-08
29,45,4.50149e-09
29,46,2.35208e-10
29,47,8.43605e-12
29,48,1.85613e-13
29,49,1.61843e-15
30,0,0
30,1,0
30,2,9.06319e-15
30,3,8.53818e-13
30,4,3.69748e-11
30,5,9.75578e-10
30,6,1.75267e-08
30,7,2.27008e-07
30,8,2.19032e-06
30,9,1.6056e-05
30,10,9.05386e-05
30,11,0.000396537
30,12,0.00136535
30,13,0.00377778
30,14,0.00873455
30,15,0.0177845
30,16,0.0332092
30,17,0.0573691
30,18,0.0912138
30,19,0.133543
30,20,0.180502
30,21,0.226585
30,22,0.26636
30,23,0.295476
30,24,0.312919
30,25,0.318466
30,26,0.312919
30,27,0.295476
30,28,0.26636
30,29,0.226585
30,30,0.180502
30,31,0.133543
30,32,0.0912138
30,33,0.0573691
30,34,0.0332092
30,35,0.0177845
30,36,0.00873455
30,37,0.00377778
30,38,0.00136535
30,39,0.000396537
30,40,9.05386e-05
30,41,1.6056e-05
30,42,2.19032e-06
30,43,2.27008e-07
30,44,1.75267e-08
30,45,9.75578e-10
30,46,3.69748e-11
30,47,8.53818e-13
30,48,9.06319e-15
30,49,0
31,0,0
31,1,0
31,2,0
31,3,3.47422e-14
31,4,3.13067e-12
31,5,1.29064e-10
31,6,3.22375e-09
31,7,5.44648e-08
31,8,6.58161e-07
31,9,5.86887e-06
31,10,3.93148e-05
31,11,0.000199995
31,12,0.000779683
31,13,0.00236549
31,14,0.00577442
31,15,0.012033
31,16,0.0228018
31,17,0.0401443
31,18,0.0649066
31,19,0.0966398
31,20,0.133543
31,21,0.171047
31,22,0.205055
31,23,0.231577
31,24,0.248
31,25,0.253712
31,26,0.248
31,27,0.231577
31,28,0.205055
31,29,0.171047
31,30,0.133543
31,31,0.0966398
31,32,0.0649066
31,33,0.0401443
31,34,0.0228018
31,35,0.012033
31,36,0.00577442
31,37,0.00236549
31,38,0.000779683
31,39,0.000199995
31,40,3.93148e-05
31,41,5.86887e-06
31,42,6.58161e-07
31,43,5.44648e-08
31,44,3.22375e-09
31,45,1.29064e-10
31,46,3.13067e-12
31,47,3.47422e-14
31,48,0
31,49,0
32,0,0
32,1,0
32,2,0
32,3,0
32,4,1.0919e-13
32,5,9.392e-12
32,6,3.68046e-10
32,7,8.69584e-09
32,8,1.38176e-07
32,9,1.55978e-06
32,10,1.28881e-05
32,11,7.92365e-05
32,12,0.000365892
32,13,0.00128041
32,14,0.00346138
32,15,0.00756804
32,16,0.0144683
32,17,0.0257905
32,18,0.0427891
32,19,0.0649066
32,20,0.0912138
32,21,0.119316
32,22,0.145299
32,23,0.166641
32,24,0.180109
32,25,0.184959
32,26,0.180109
32,27,0.166641
32,28,0.145299
32,29,0.119316
32,30,0.0912138
32,31,0.0649066
32,32,0.0427891
32,33,0.0257905
32,34,0.0144683
32,35,0.00756804
32,36,0.00346138
32,37,0.00128041
32,38,0.000365892
32,39,7.92365e-05
32,40,1.28881e-05
32,41,1.55978e-06
32,42,1.38176e-07
32,43,8.69584e-09
32,44,3.68046e-10
32,45,9.392e-12
32,46,1.0919e-13
32,47,0
32,48,0
32,49,0
33,0,0
33,1,0
33,2,0
33,3,0
33,4,0
33,5,2.86623e-13
33,6,2.348e-11
33,7,8.72882e-10
33,8,1.94776e-08
33,9,2.90791e-07
33,10,3.0657e-06
33,11,2.34932e-05
33,12,0.000132894
33,13,0.000559786
33,14,0.0017732
33,15,0.00432816
33,16,0.00862878
33,17,0.0153636
33,18,0.0257905
33,19,0.0401443
33,20,0.0573691
33,21,0.0763972
33,22,0.0946307
33,23,0.109743
33,24,0.119777
33,25,0.123175
33,26,0.119777
33,27,0.109743
33,28,0.0946307
33,29,0.0763972
33,30,0.0573691
33,31,0.0401443
33,32,0.0257905
33,33,0.0153636
33,34,0.00862878
33,35,0.00432816
33,36,0.0017732
33,37,0.000559786
33,38,0.000132894
33,39,2.34932e-05
33,40,3.0657e-06
33,41,2.90791e-07
33,42,1.94776e-08
33,43,8.72883e-10
33,44,2.348e-11
33,45,2.86623e-13
33,46,0
33,47,0
33,48,0
33,49,0
34,0,0
34,1,0
34,2,0
34,3,0
34,4,0
34,5,0
34,6,6.36941e-13
34,7,4.95689e-11
34,8,1.74398e-09
34,9,3.6672e-08
34,10,5.13438e-07
34,11,5.0486e-06
34,12,3.58659e-05
34,13,0.000186875
34,14,0.000720744
34,15,0.00208358
34,16,0.00465893
34,17,0.00862878
34,18,0.0144683
34,19,0.0228018
34,20,0.0332092
34,21,0.0447933
34,22,0.0563767
34,23,0.066055
34,24,0.0726511
34,25,0.074882
34,26,0.0726511
34,27,0.066055
34,28,0.0563767
34,29,0.0447933
34,30,0.0332092
34,31,0.0228018
34,32,0.0144683
34,33,0.00862878
34,34,0.00465893
34,35,0.00208358
34,36,0.000720744
34,37,0.000186875
34,38,3.58659e-05
34,39,5.0486e-06
34,40,5.13438e-07
34,41,3.6672e-08
34,42,1.74398e-09
34,43,4.95689e-11
34,44,6.36941e-13
34,45,0
34,46,0
34,47,0
34,48,0
34,49,0
35,0,0
35,1,0
35,2,0
35,3,0
35,4,0
35,5,0
35,6,0
35,7,1.21019e-12
35,8,8.9224e-11
35,9,2.96261e-09
35,10,5.85438e-08
35,11,7.66659e-07
35,12,7.01498e-06
35,13,4.61271e-05
35,14,0.000221352
35,15,0.000783787
35,16,0.00208358
35,17,0.00432816
35,18,0.00756804
35,19,0.012033
35,20,0.0177845
35,21,0.0242703
35,22,0.0308453
35,23,0.0365083
35,24,0.0403346
35,25,0.041708
35,26,0.0403346
35,27,0.0365083
35,28,0.0308453
35,29,0.0242703
35,30,0.0177845
35,31,0.012033
35,32,0.00756804
35,33,0.00432816
35,34,0.00208358
35,35,0.000783787
35,36,0.000221352
35,37,4.61271e-05
35,38,7.01498e-06
35,39,7.66659e-07
35,40,5.85438e-08
35,41,2.96261e-09
35,42,8.9224e-11
35,43,1.21019e-12
35,44,0
35,45,0
35,46,0
35,47,0
35,48,0
35,49,0
36,0,0
36,1,0
36,2,0
36,3,0
36,4,0
36,5,0
36,6,0
36,7,0
36,8,1.98031e-12
36,9,1.37892e-10
36,10,4.30715e-09
36,11,7.97197e-08
36,12,9.73205e-07
36,13,8.26031e-06
36,14,5.01445e-05
36,15,0.000221352
36,16,0.000720744
36,17,0.0017732
36,18,0.00346138
36,19,0.00577442
36,20,0.00873455
36,21,0.0121411
36,22,0.0155834
36,23,0.0186085
36,24,0.0206535
36,25,0.0213982
36,26,0.0206535
36,27,0.0186085
36,28,0.0155834
36,29,0.0121411
36,30,0.00873455
36,31,0.00577442
36,32,0.00346138
36,33,0.0017732
36,34,0.000720744
36,35,0.000221352
36,36,5.01445e-05
36,37,8.26031e-06
36,38,9.73204e-07
36,39,7.97197e-08
36,40,4.30715e-09
36,41,1.37892e-10
36,42,1.98031e-12
36,43,0
36,44,0
36,45,0
36,46,0
36,47,0
36,48,0
36,49,0
37,0,0
37,1,0
37,2,0
37,3,0
37,4,0
37,5,0
37,6,0
37,7,0
37,8,0
37,9,2.80543e-12
37,10,1.83856e-10
37,11,5.38243e-09
37,12,9.29427e-08
37,13,1.05341e-06
37,14,8.26031e-06
37,15,4.61271e-05
37,16,0.000186875
37,17,0.000559786
37,18,0.00128041
37,19,0.00236549
37,20,0.00377778
37,21,0.00543599
37,22,0.00713143
37,23,0.00862275
37,24,0.00964816
37,25,0.0100125
37,26,0.00964816
37,27,0.00862275
37,28,0.00713143
37,29,0.00543599
37,30,0.00377778
37,31,0.00236549
37,32,0.00128041
37,33,0.000559786
37,34,0.000186875
37,35,4.61271e-05
37,36,8.26031e-06
37,37,1.05341e-06
37,38,9.29427e-08
37,39,5.38243e-09
37,40,1.83856e-10
37,41,2.80543e-12
37,42,0
37,43,0
37,44,0
37,45,0
37,46,0
37,47,0
37,48,0
37,49,0
38,0,0
38,1,0
38,2,0
38,3,0
38,4,0
38,5,0
38,6,0
38,7,0
38,8,0
38,9,0
38,10,3.45284e-12
38,11,2.12141e-10
38,12,5.79593e-09
38,13,9.29427e-08
38,14,9.73204e-07
38,15,7.01498e-06
38,16,3.58659e-05
38,17,0.000132894
38,18,0.000365892
38,19,0.000779683
38,20,0.00136535
38,21,0.00208016
38,22,0.00283633
38,23,0.00350817
38,24,0.00397704
38,25,0.00414299
38,26,0.00397704
38,27,0.00350817
38,28,0.00283633
38,29,0.00208016
38,30,0.00136535
38,31,0.000779683
38,32,0.000365892
38,33,0.000132894
38,34,3.58659e-05
38,35,7.01498e-06
38,36,9.73205e-07
38,37,9.29427e-08
38,38,5.79593e-09
38,39,2.12141e-10
38,40,3.45284e-12
38,41,0
38,42,0
38,43,0
38,44,0
38,45,0
38,46,0
38,47,0
38,48,0
38,49,0
39,0,0
39,1,0
39,2,0
39,3,0
39,4,0
39,5,0
39,6,0
39,7,0
39,8,0
39,9,0
39,10,0
39,11,3.69947e-12
39,12,2.12141e-10
39,13,5.38243e-09
39,14,7.97197e-08
39,15,7.66659e-07
39,16,5.0486e-06
39,17,2.34932e-05
39,18,7.92365e-05
39,19,0.000199995
39,20,0.000396537
39,21,0.000655285
39,22,0.0009434
39,23,0.00120814
39,24,0.00139549
39,25,0.00146315
39,26,0.00139549
39,27,0.00120814
39,28,0.0009434
39,29,0.000655285
39,30,0.000396537
39,31,0.000199995
39,32,7.92365e-05
39,33,2.34932e-05
39,34,5.0486e-06
39,35,7.66659e-07
39,36,7.97197e-08
39,37,5.38243e-09
39,38,2.12141e-10
39,39,3.69947e-12
39,40,0
39,41,0
39,42,0
39,43,0
39,44,0
39,45,0
39,46,0
39,47,0
39,48,0
39,49,0
40,0,0
40,1,0
40,2,0
40,3,0
40,4,0
40,5,0
40,6,0
40,7,0
40,8,0
40,9,0
40,10,0
40,11,0
40,12,3.45284e-12
40,13,1.83856e-10
40,14,4.30715e-09
40,15,5.85438e-08
40,16,5.13438e-07
40,17,3.0657e-06
40,18,1.28881e-05
40,19,3.93148e-05
40,20,9.05386e-05
40,21,0.000166142
40,22,0.000256354
40,23,0.000343569
40,24,0.000406814
40,25,0.000430112
40,26,0.000406814
40,27,0.000343569
40,28,0.000256354
40,29,0.000166142
40,30,9.05386e-05
40,31,3.93148e-05
40,32,1.28881e-05
40,33,3.0657e-06
40,34,5.13438e-07
40,35,5.85438e-08
40,36,4.30715e-09
40,37,1.83856e-10
40,38,3.45284e-12
40,39,0
40,40,0
40,41,0
40,42,0
40,43,0
40,44,0
40,45,0
40,46,0
40,47,0
40,48,0
40,49,0
41,0,0
41,1,0
41,2,0
41,3,0
41,4,0
41,5,0
41,6,0
41,7,0
41,8,0
41,9,0
41,10,0
41,11,0
41,12,0
41,13,2.80543e-12
41,14,1.37892e-10
41,15,2.96261e-09
41,16,3.6672e-08
41,17,2.90791e-07
41,18,1.55978e-06
41,19,5.86887e-06
41,20,1.6056e-05
41,21,3.34777e-05
41,22,5.6263e-05
41,23,7.96855e-05
41,24,9.73346e-05
41,25,0.000103923
41,26,9.73346e-05
41,27,7.96855e-05
41,28,5.6263e-05
41,29,3.34777e-05
41,30,1.6056e-05
41,31,5.86887e-06
41,32,1.55978e-06
41,33,2.90791e-07
41,34,3.6672e-08
41,35,2.96261e-09
41,36,1.37892e-10
41,37,2.80543e-12
41,38,0
41,39,0
41,40,0
41,41,0
41,42,0
41,43,0
41,44,0
41,45,0
41,46,0
41,47,0
41,48,0
41,49,0
42,0,0
42,1,0
42,2,0
42,3,0
42,4,0
42,5,0
42,6,0
42,7,0
42,8,0
42,9,0
42,10,0
42,11,0
42,12,0
42,13,0
42,14,1.98031e-12
42,15,8.9224e-11
42,16,1.74398e-09
42,17,1.94776e-08
42,18,1.38176e-07
42,19,6.58161e-07
42,20,2.19032e-06
42,21,5.31376e-06
42,22,9.9126e-06
42,23,1.49965e-05
42,24,1.90186e-05
42,25,2.05439e-05
42,26,1.90186e-05
42,27,1.49965e-05
42,28,9.9126e-06
42,29,5.31376e-06
42,30,2.19032e-06
42,31,6.58161e-07
42,32,1.38176e-07
42,33,1.94776e-08
42,34,1.74398e-09
42,35,8.9224e-11
42,36,1.98031e-12
42,37,0
42,38,0
42,39,0
42,40,0
42,41,0
42,42,0
42,43,0
42,44,0
42,45,0
42,46,0
42,47,0
42,48,0
42,49,0
43,0,0
43,1,0
43,2,0
43,3,0
43,4,0
43,5,0
43,6,0
43,7,0
43,8,0
43,9,0
43,10,0
43,11,0
43,12,0
43,13,0
43,14,0
43,15,1.21019e-12
43,16,4.95689e-11
43,17,8.72883e-10
43,18,8.69584e-09
43,19,5.44648e-08
43,20,2.27008e-07
43,21,6.58018e-07
43,22,1.39391e-06
43,23,2.28427e-06
43,24,3.029e-06
43,25,3.31904e-06
43,26,3.02901e-06
43,27,2.28427e-06
43,28,1.39391e-06
43,29,6.58018e-07
43,30,2.27008e-07
43,31,5.44648e-08
43,32,8.69584e-09
43,33,8.72883e-10
43,34,4.95689e-11
43,35,1.21019e-12
43,36,0
43,37,0
43,38,0
43,39,0
43,40,0
43,41,0
43,42,0
43,43,0
43,44,0
43,45,0
43,46,0
43,47,0
43,48,0
43,49,0
44,0,0
44,1,0
44,2,0
44,3,0
44,4,0
44,5,0
44,6,0
44,7,0
44,8,0
44,9,0
44,10,0
44,11,0
44,12,0
44,13,0
44,14,0
44,15,0
44,16,6.36941e-13
44,17,2.348e-11
44,18,3.68046e-10
44,19,3.22375e-09
44,20,1.75267e-08
44,21,6.2706e-08
44,22,1.55109e-07
44,23,2.8067e-07
44,24,3.92649e-07
44,25,4.37916e-07
44,26,3.92649e-07
44,27,2.8067e-07
44,28,1.55109e-07
44,29,6.2706e-08
44,30,1.75267e-08
44,31,3.22375e-09
44,32,3.68046e-10
44,33,2.348e-11
44,34,6.36941e-13
44,35,0
44,36,0
44,37,0
44,38,0
44,39,0
44,40,0
44,41,0
44,42,0
44,43,0
44,44,0
44,45,0
44,46,0
44,47,0
44,48,0
44,49,0
45,0,0
45,1,0
45,2,0
45,3,0
45,4,0
45,5,0
45,6,0
45,7,0
45,8,0
45,9,0
45,10,0
45,11,0
45,12,0
45,13,0
45,14,0
45,15,0
45,16,0
45,17,2.86623e-13
45,18,9.392e-12
45,19,1.29064e-10
45,20,9.75578e-10
45,21,4.5015e-09
45,22,1.34697e-08
45,23,2.76339e-08
45,24,4.13214e-08
45,25,4.70908e-08
45,26,4.13214e-08
45,27,2.76339e-08
45,28,1.34697e-08
45,29,4.50149e-09
45,30,9.75578e-10
45,31,1.29064e-10
45,32,9.392e-12
45,33,2.86623e-13
45,34,0
45,35,0
45,36,0
45,37,0
45,38,0
45,39,0
45,40,0
45,41,0
45,42,0
45,43,0
45,44,0
45,45,0
45,46,0
45,47,0
45,48,0
45,49,0
46,0,0
46,1,0
46,2,0
46,3,0
46,4,0
46,5,0
46,6,0
46,7,0
46,8,0
46,9,0
46,10,0
46,11,0
46,12,0
46,13,0
46,14,0
46,15,0
46,16,0
46,17,0
46,18,1.0919e-13
46,19,3.13067e-12
46,20,3.69748e-11
46,21,2.35208e-10
46,22,8.92796e-10
46,23,2.15323e-09
46,24,3.51222e-09
46,25,4.10954e-09
46,26,3.51222e-09
46,27,2.15323e-09
46,28,8.92796e-10
46,29,2.35208e-10
46,30,3.69748e-11
46,31,3.13067e-12
46,32,1.0919e-13
46,33,0
46,34,0
46,35,0
46,36,0
46,37,0
46,38,0
46,39,0
46,40,0
46,41,0
46,42,0
46,43,0
46,44,0
46,45,0
46,46,0
46,47,0
46,48,0
46,49,0
47,0,0
47,1,0
47,2,0
47,3,0
47,4,0
47,5,0
47,6,0
47,7,0
47,8,0
47,9,0
47,10,0
47,11,0
47,12,0
47,13,0
47,14,0
47,15,0
47,16,0
47,17,0
47,18,0
47,19,3.47422e-14
47,20,8.53818e-13
47,21,8.43605e-12
47,22,4.35851e-11
47,23,1.2998e-10
47,24,2.388e-10
47,25,2.89046e-10
47,26,2.388e-10
47,27,1.2998e-10
47,28,4.35851e-11
47,29,8.43605e-12
47,30,8.53818e-13
47,31,3.47422e-14
47,32,0
47,33,0
47,34,0
47,35,0
47,36,0
47,37,0
47,38,0
47,39,0
47,40,0
47,41,0
47,42,0
47,43,0
47,44,0
47,45,0
47,46,0
47,47,0
47,48,0
47,49,0
48,0,0
48,1,0
48,2,0
48,3,0
48,4,0
48,5,0
48,6,0
48,7,0
48,8,0
48,9,0
48,10,0
48,11,0
48,12,0
48,13,0
48,14,0
48,15,0
48,16,0
48,17,0
48,18,0
48,19,0
48,20,9.06319e-15
48,21,1.85613e-13
48,22,1.47584e-12
48,23,5.86641e-12
48,24,1.27624e-11
48,25,1.6228e-11
48,26,1.27624e-11
48,27,5.86641e-12
48,28,1.47584e-12
48,29,1.85613e-13
48,30,9.06319e-15
48,31,0
48,32,0
48,33,0
48,34,0
48,35,0
48,36,0
48,37,0
48,38,0
48,39,0
48,40,0
48,41,0
48,42,0
48,43,0
48,44,0
48,45,0
48,46,0
48,47,0
48,48,0
48,49,0
49,0,0
49,1,0
49,2,0
49,3,0
49,4,0
49,5,0
49,6,0
49,7,0
49,8,0
49,9,0
49,10,0
49,11,0
49,12,0
49,13,0
49,14,0
49,15,0
49,16,0
49,17,0
49,18,0
49,19,0
49,20,0
49,21,1.61843e-15
49,22,2.82175e-14
49,23,1.81241e-13
49,24,5.3596e-13
49,25,7.63643e-13
49,26,5.3596e-13
49,27,1.81241e-13
49,28,2.82175e-14
49,29,1.61843e-15
49,30,0
49,31,0
49,32,0
49,33,0
49,34,0
49,35,0
49,36,0
49,37,0
49,38,0
49,39,0
49,40,0
49,41,0
49,42,0
49,43,0
49,44,0
49,45,0
49,46,0
49,47,0
49,48,0
49,49,0
