0,0,0
0,1,0
0,2,0
0,3,0
0,4,0
0,5,0
0,6,0
0,7,0
0,8,0
0,9,0
0,10,0
0,11,0
0,12,0
0,13,0
0,14,0
0,15,0
0,16,0
0,17,0
0,18,0
0,19,0
0,20,0
0,21,0
0,22,0
0,23,0
0,24,0
0,25,0
0,26,0
0,27,0
0,28,0
0,29,0
0,30,0
0,31,0
0,32,0
0,33,0
0,34,0
0,35,0
0,36,0
0,37,0
0,38,0
0,39,0
0,40,0
0,41,0
0,42,0
0,43,0
0,44,0
0,45,0
0,46,0
0,47,0
0,48,0
0,49,0
1,0,0
1,1,0
1,2,0
1,3,0
1,4,0
1,5,0
1,6,0
1,7,0
1,8,0
1,9,0
1,10,0
1,11,0
1,12,0
1,13,0
1,14,0
1,15,0
1,16,0
1,17,0
1,18,3.78897e-15
1,19,1.0839e-13
1,20,1.2837e-12
1,21,8.23823e-12
1,22,3.17448e-11
1,23,7.80208e-11
1,24,1.29287e-10
1,25,1.52082e-10
1,26,1.29287e-10
1,27,7.80208e-11
1,28,3.17448e-11
1,29,8.23823e-12
1,30,1.2837e-12
1,31,1.0839e-13
1,32,3.78897e-15
1,33,0
1,34,0
1,35,0
1,36,0
1,37,0
1,38,0
1,39,0
1,40,0
1,41,0
1,42,0
1,43,0
1,44,0
1,45,0
1,46,0
1,47,0
1,48,0
1,49,0
2,0,0
2,1,0
2,2,0
2,3,0
2,4,0
2,5,0
2,6,0
2,7,0
2,8,0
2,9,0
2,10,0
2,11,0
2,12,0
2,13,0
2,14,0
2,15,0
2,16,0
2,17,1.13669e-14
2,18,3.71624e-13
2,19,5.12168e-12
2,20,3.90733e-11
2,21,1.83262e-10
2,22,5.60844e-10
2,23,1.17832e-09
2,24,1.79204e-09
2,25,2.05355e-09
2,26,1.79204e-09
2,27,1.17832e-09
2,28,5.60844e-10
2,29,1.83262e-10
2,30,3.90733e-11
2,31,5.12168e-12
2,32,3.71624e-13
2,33,1.13669e-14
2,34,0
2,35,0
2,36,0
2,37,0
2,38,0
2,39,0
2,40,0
2,41,0
2,42,0
2,43,0
2,44,0
2,45,0
2,46,0
2,47,0
2,48,0
2,49,0
3,0,0
3,1,0
3,2,0
3,3,0
3,4,0
3,5,0
3,6,0
3,7,0
3,8,0
3,9,0
3,10,0
3,11,0
3,12,0
3,13,0
3,14,0
3,15,0
3,16,2.90488e-14
3,17,1.06842e-12
3,18,1.67948e-11
3,19,1.48465e-10
3,20,8.20732e-10
3,21,3.00843e-09
3,22,7.6606e-09
3,23,1.42371e-08
3,24,2.02603e-08
3,25,2.27272e-08
3,26,2.02603e-08
3,27,1.42371e-08
3,28,7.6606e-09
3,29,3.00843e-09
3,30,8.20731e-10
3,31,1.48465e-10
3,32,1.67948e-11
3,33,1.06842e-12
3,34,2.90488e-14
3,35,0
3,36,0
3,37,0
3,38,0
3,39,0
3,40,0
3,41,0
3,42,0
3,43,0
3,44,0
3,45,0
3,46,0
3,47,0
3,48,0
3,49,0
4,0,0
4,1,0
4,2,0
4,3,0
4,4,0
4,5,0
4,6,0
4,7,0
4,8,0
4,9,0
4,10,0
4,11,0
4,12,0
4,13,0
4,14,0
4,15,6.39073e-14
4,16,2.61169e-12
4,17,4.61172e-11
4,18,4.63617e-10
4,19,2.95289e-09
4,20,1.26229e-08
4,21,3.78025e-08
4,22,8.29044e-08
4,23,1.39775e-07
4,24,1.88575e-07
4,25,2.07879e-07
4,26,1.88575e-07
4,27,1.39775e-07
4,28,8.29044e-08
4,29,3.78025e-08
4,30,1.26229e-08
4,31,2.95289e-09
4,32,4.63617e-10
4,33,4.61172e-11
4,34,2.61169e-12
4,35,6.39073e-14
4,36,0
4,37,0
4,38,0
4,39,0
4,40,0
4,41,0
4,42,0
4,43,0
4,44,0
4,45,0
4,46,0
4,47,0
4,48,0
4,49,0
5,0,0
5,1,0
5,2,0
5,3,0
5,4,0
5,5,0
5,6,0
5,7,0
5,8,0
5,9,0
5,10,0
5,11,0
5,12,0
5,13,0
5,14,1.22005e-13
5,15,5.48455e-12
5,16,1.07487e-10
5,17,1.21121e-09
5,18,8.73711e-09
5,19,4.2706e-08
5,20,1.47189e-07
5,21,3.71986e-07
5,22,7.21469e-07
5,23,1.12378e-06
5,24,1.45044e-06
5,25,1.57616e-06
5,26,1.45044e-06
5,27,1.12378e-06
5,28,7.21469e-07
5,29,3.71986e-07
5,30,1.47189e-07
5,31,4.2706e-08
5,32,8.73711e-09
5,33,1.21121e-09
5,34,1.07487e-10
5,35,5.48455e-12
5,36,1.22005e-13
5,37,0
5,38,0
5,39,0
5,40,0
5,41,0
5,42,0
5,43,0
5,44,0
5,45,0
5,46,0
5,47,0
5,48,0
5,49,0
6,0,0
6,1,0
6,2,0
6,3,0
6,4,0
6,5,0
6,6,0
6,7,0
6,8,0
6,9,0
6,10,0
6,11,0
6,12,0
6,13,2.03341e-13
6,14,9.9719e-12
6,15,2.14793e-10
6,16,2.682e-09
6,17,2.16202e-08
6,18,1.1902e-07
6,19,4.6446e-07
6,20,1.32974e-06
6,21,2.9092e-06
6,22,5.09488e-06
6,23,7.42947e-06
6,24,9.23615e-06
6,25,9.91764e-06
6,26,9.23615e-06
6,27,7.42947e-06
6,28,5.09488e-06
6,29,2.9092e-06
6,30,1.32974e-06
6,31,4.6446e-07
6,32,1.1902e-07
6,33,2.16202e-08
6,34,2.682e-09
6,35,2.14793e-10
6,36,9.97191e-12
6,37,2.03341e-13
6,38,0
6,39,0
6,40,0
6,41,0
6,42,0
6,43,0
6,44,0
6,45,0
6,46,0
6,47,0
6,48,0
6,49,0
7,0,0
7,1,0
7,2,0
7,3,0
7,4,0
7,5,0
7,6,0
7,7,0
7,8,0
7,9,0
7,10,0
7,11,0
7,12,2.97191e-13
7,13,1.57888e-11
7,14,3.70778e-10
7,15,5.08233e-09
7,16,4.52966e-08
7,17,2.77514e-07
7,18,1.21073e-06
7,19,3.87666e-06
7,20,9.4372e-06
7,21,1.82564e-05
7,22,2.93498e-05
7,23,4.04658e-05
7,24,4.87258e-05
7,25,5.17902e-05
7,26,4.87258e-05
7,27,4.04658e-05
7,28,2.93498e-05
7,29,1.82564e-05
7,30,9.4372e-06
7,31,3.87666e-06
7,32,1.21073e-06
7,33,2.77514e-07
7,34,4.52966e-08
7,35,5.08233e-09
7,36,3.70778e-10
7,37,1.57889e-11
7,38,2.97191e-13
7,39,0
7,40,0
7,41,0
7,42,0
7,43,0
7,44,0
7,45,0
7,46,0
7,47,0
7,48,0
7,49,0
8,0,0
8,1,0
8,2,0
8,3,0
8,4,0
8,5,0
8,6,0
8,7,0
8,8,0
8,9,0
8,10,0
8,11,3.82103e-13
8,12,2.18615e-11
8,13,5.55924e-10
8,14,8.30068e-09
8,15,8.10813e-08
8,16,5.47546e-07
8,17,2.64385e-06
8,18,9.37397e-06
8,19,2.51439e-05
8,20,5.30968e-05
8,21,9.2516e-05
8,22,0.000138351
8,23,0.000181813
8,24,0.000213075
8,25,0.000224475
8,26,0.000213075
8,27,0.000181813
8,28,0.000138351
8,29,9.2516e-05
8,30,5.30968e-05
8,31,2.51439e-05
8,32,9.37397e-06
8,33,2.64385e-06
8,34,5.47546e-07
8,35,8.10814e-08
8,36,8.30068e-09
8,37,5.55924e-10
8,38,2.18615e-11
8,39,3.82103e-13
8,40,0
8,41,0
8,42,0
8,43,0
8,44,0
8,45,0
8,46,0
8,47,0
8,48,0
8,49,0
9,0,0
9,1,0
9,2,0
9,3,0
9,4,0
9,5,0
9,6,0
9,7,0
9,8,0
9,9,0
9,10,4.3305e-13
9,11,2.65461e-11
9,12,7.26775e-10
9,13,1.17441e-08
9,14,1.24819e-07
9,15,9.21799e-07
9,16,4.88608e-06
9,17,1.90337e-05
9,18,5.58536e-05
9,19,0.000127758
9,20,0.000238502
9,21,0.000380589
9,22,0.000535367
9,23,0.000675615
9,24,0.000773977
9,25,0.000809232
9,26,0.000773976
9,27,0.000675615
9,28,0.000535367
9,29,0.000380589
9,30,0.000238503
9,31,0.000127758
9,32,5.58536e-05
9,33,1.90337e-05
9,34,4.88608e-06
9,35,9.21799e-07
9,36,1.24819e-07
9,37,1.17441e-08
9,38,7.26775e-10
9,39,2.65461e-11
9,40,4.3305e-13
9,41,0
9,42,0
9,43,0
9,44,0
9,45,0
9,46,0
9,47,0
9,48,0
9,49,0
10,0,0
10,1,0
10,2,0
10,3,0
10,4,0
10,5,0
10,6,0
10,7,0
10,8,0
10,9,4.3305e-13
10,10,2.83158e-11
10,11,8.30487e-10
10,12,1.44435e-08
10,13,1.66012e-07
10,14,1.33202e-06
10,15,7.69909e-06
10,16,3.27464e-05
10,17,0.000104579
10,18,0.000257887
10,19,0.000512208
10,20,0.000862155
10,21,0.00127998
10,22,0.00171182
10,23,0.00209069
10,24,0.00235095
10,25,0.0024433
10,26,0.00235095
10,27,0.00209069
10,28,0.00171182
10,29,0.00127998
10,30,0.000862155
10,31,0.000512208
10,32,0.000257887
10,33,0.000104579
10,34,3.27464e-05
10,35,7.69909e-06
10,36,1.33202e-06
10,37,1.66012e-07
10,38,1.44435e-08
10,39,8.30487e-10
10,40,2.83158e-11
10,41,4.3305e-13
10,42,0
10,43,0
10,44,0
10,45,0
10,46,0
10,47,0
10,48,0
10,49,0
11,0,0
11,1,0
11,2,0
11,3,0
11,4,0
11,5,0
11,6,0
11,7,0
11,8,3.82103e-13
11,9,2.65461e-11
11,10,8.30487e-10
11,11,1.54714e-08
11,12,1.91321e-07
11,13,1.65871e-06
11,14,1.03972e-05
11,15,4.80434e-05
11,16,0.000166353
11,17,0.000441171
11,18,0.000929343
11,19,0.00163843
11,20,0.00254181
11,21,0.00356685
11,22,0.00458892
11,23,0.00546904
11,24,0.00606324
11,25,0.0062747
11,26,0.00606324
11,27,0.00546904
11,28,0.00458892
11,29,0.00356685
11,30,0.00254181
11,31,0.00163843
11,32,0.000929343
11,33,0.000441171
11,34,0.000166353
11,35,4.80434e-05
11,36,1.03972e-05
11,37,1.65871e-06
11,38,1.91321e-07
11,39,1.54714e-08
11,40,8.30487e-10
11,41,2.65461e-11
11,42,3.82103e-13
11,43,0
11,44,0
11,45,0
11,46,0
11,47,0
11,48,0
11,49,0
12,0,0
12,1,0
12,2,0
12,3,0
12,4,0
12,5,0
12,6,0
12,7,2.97191e-13
12,8,2.18615e-11
12,9,7.26775e-10
12,10,1.44435e-08
12,11,1.91321e-07
12,12,1.78409e-06
12,13,1.20729e-05
12,14,6.03671e-05
12,15,0.000226037
12,16,0.000644279
12,17,0.00143981
12,18,0.0026524
12,19,0.00427462
12,20,0.00626174
12,21,0.00844488
12,22,0.0105887
12,23,0.0124109
12,24,0.0136302
12,25,0.0140645
12,26,0.0136302
12,27,0.0124109
12,28,0.0105887
12,29,0.00844488
12,30,0.00626174
12,31,0.00427462
12,32,0.0026524
12,33,0.00143981
12,34,0.000644279
12,35,0.000226037
12,36,6.03671e-05
12,37,1.20729e-05
12,38,1.78409e-06
12,39,1.91321e-07
12,40,1.44435e-08
12,41,7.26775e-10
12,42,2.18615e-11
12,43,2.97191e-13
12,44,0
12,45,0
12,46,0
12,47,0
12,48,0
12,49,0
13,0,0
13,1,0
13,2,0
13,3,0
13,4,0
13,5,0
13,6,2.03341e-13
13,7,1.57888e-11
13,8,5.55924e-10
13,9,1.17441e-08
13,10,1.66012e-07
13,11,1.65871e-06
13,12,1.20729e-05
13,13,6.51237e-05
13,14,0.000263263
13,15,0.000807129
13,16,0.00191959
13,17,0.00370437
13,18,0.00619399
13,19,0.00945866
13,20,0.0133845
13,21,0.0176295
13,22,0.021775
13,23,0.0252389
13,24,0.0275605
13,25,0.0283683
13,26,0.0275605
13,27,0.0252389
13,28,0.021775
13,29,0.0176295
13,30,0.0133845
13,31,0.00945866
13,32,0.00619399
13,33,0.00370437
13,34,0.00191959
13,35,0.000807129
13,36,0.000263263
13,37,6.51237e-05
13,38,1.20729e-05
13,39,1.65871e-06
13,40,1.66012e-07
13,41,1.17441e-08
13,42,5.55924e-10
13,43,1.57888e-11
13,44,2.03341e-13
13,45,0
13,46,0
13,47,0
13,48,0
13,49,0
14,0,0
14,1,0
14,2,0
14,3,0
14,4,0
14,5,1.22005e-13
14,6,9.9719e-12
14,7,3.70778e-10
14,8,8.30068e-09
14,9,1.24819e-07
14,10,1.33202e-06
14,11,1.03972e-05
14,12,6.03671e-05
14,13,0.000263263
14,14,0.000869827
14,15,0.00221362
14,16,0.00450727
14,17,0.00785142
14,18,0.0125169
14,19,0.0186556
14,20,0.0258717
14,21,0.0336163
14,22,0.0410265
14,23,0.0471241
14,24,0.0511832
14,25,0.0525653
14,26,0.0511832
14,27,0.0471241
14,28,0.0410265
14,29,0.0336163
14,30,0.0258717
14,31,0.0186556
14,32,0.0125169
14,33,0.00785142
14,34,0.00450727
14,35,0.00221362
14,36,0.000869827
14,37,0.000263263
14,38,6.03671e-05
14,39,1.03972e-05
14,40,1.33202e-06
14,41,1.24819e-07
14,42,8.30068e-09
14,43,3.70778e-10
14,44,9.97191e-12
14,45,1.22005e-13
14,46,0
14,47,0
14,48,0
14,49,0
15,0,0
15,1,0
15,2,0
15,3,0
15,4,6.39073e-14
15,5,5.48455e-12
15,6,2.14793e-10
15,7,5.08233e-09
15,8,8.10813e-08
15,9,9.21799e-07
15,10,7.69909e-06
15,11,4.80434e-05
15,12,0.000226037
15,13,0.000807129
15,14,0.00221362
15,15,0.00480831
15,16,0.00881023
15,17,0.0147176
15,18,0.023172
15,19,0.0339425
15,20,0.046298
15,21,0.0593051
15,22,0.0713036
15,23,0.0811012
15,24,0.087414
15,25,0.0896249
15,26,0.087414
15,27,0.0811012
15,28,0.0713036
15,29,0.0593051
15,30,0.046298
15,31,0.0339425
15,32,0.023172
15,33,0.0147176
15,34,0.00881023
15,35,0.00480831
15,36,0.00221362
15,37,0.000807129
15,38,0.000226037
15,39,4.80434e-05
15,40,7.69909e-06
15,41,9.21799e-07
15,42,8.10813e-08
15,43,5.08233e-09
15,44,2.14793e-10
15,45,5.48455e-12
15,46,6.39073e-14
15,47,0
15,48,0
15,49,0
16,0,0
16,1,0
16,2,0
16,3,2.90488e-14
16,4,2.61169e-12
16,5,1.07487e-10
16,6,2.682e-09
16,7,4.52966e-08
16,8,5.47546e-07
16,9,4.88608e-06
16,10,3.27464e-05
16,11,0.000166353
16,12,0.000644279
16,13,0.00191959
16,14,0.00450727
16,15,0.00881023
16,16,0.0155176
16,17,0.0258037
16,18,0.039981
16,19,0.0571989
16,20,0.0765969
16,21,0.0961302
16,22,0.11368
16,23,0.127676
16,24,0.136421
16,25,0.13956
16,26,0.136421
16,27,0.127676
16,28,0.11368
16,29,0.0961302
16,30,0.0765969
16,31,0.0571989
16,32,0.039981
16,33,0.0258037
16,34,0.0155176
16,35,0.00881023
16,36,0.00450727
16,37,0.00191959
16,38,0.000644279
16,39,0.000166353
16,40,3.27464e-05
16,41,4.88608e-06
16,42,5.47546e-07
16,43,4.52966e-08
16,44,2.682e-09
16,45,1.07487e-10
16,46,2.61169e-12
16,47,2.90488e-14
16,48,0
16,49,0
17,0,0
17,1,0
17,2,1.13669e-14
17,3,1.06842e-12
17,4,4.61172e-11
17,5,1.21121e-09
17,6,2.16202e-08
17,7,2.77514e-07
17,8,2.64385e-06
17,9,1.90337e-05
17,10,0.000104579
17,11,0.000441171
17,12,0.00143981
17,13,0.00370437
17,14,0.00785142
17,15,0.0147176
17,16,0.0258037
17,17,0.0422389
17,18,0.0635373
17,19,0.0888664
17,20,0.116374
17,21,0.142742
17,22,0.165942
17,23,0.183434
17,24,0.194369
17,25,0.198014
17,26,0.194369
17,27,0.183434
17,28,0.165942
17,29,0.142742
17,30,0.116374
17,31,0.0888664
17,32,0.0635373
17,33,0.0422389
17,34,0.0258037
17,35,0.0147176
17,36,0.00785142
17,37,0.00370437
17,38,0.00143981
17,39,0.000441171
17,40,0.000104579
17,41,1.90337e-05
17,42,2.64385e-06
17,43,2.77514e-07
17,44,2.16202e-08
17,45,1.21121e-09
17,46,4.61172e-11
17,47,1.06842e-12
17,48,1.13669e-14
17,49,0
18,0,0
18,1,3.78897e-15
18,2,3.71624e-13
18,3,1.67948e-11
18,4,4.63617e-10
18,5,8.73711e-09
18,6,1.1902e-07
18,7,1.21073e-06
18,8,9.37397e-06
18,9,5.58536e-05
18,10,0.000257887
18,11,0.000929343
18,12,0.0026524
18,13,0.00619399
18,14,0.0125169
18,15,0.023172
18,16,0.039981
18,17,0.0635373
18,18,0.0932695
18,19,0.127648
18,20,0.162798
18,21,0.195266
18,22,0.222192
18,23,0.241385
18,24,0.253058
18,25,0.256638
18,26,0.253058
18,27,0.241385
18,28,0.222192
18,29,0.195266
18,30,0.162798
18,31,0.127648
18,32,0.0932695
18,33,0.0635373
18,34,0.039981
18,35,0.023172
18,36,0.0125169
18,37,0.00619399
18,38,0.0026524
18,39,0.000929343
18,40,0.000257887
18,41,5.58536e-05
18,42,9.37397e-06
18,43,1.21073e-06
18,44,1.1902e-07
18,45,8.73711e-09
18,46,4.63617e-10
18,47,1.67948e-11
18,48,3.71624e-13
18,49,2.9334e-15
19,0,0
19,1,1.0839e-13
19,2,5.12168e-12
19,3,1.48465e-10
19,4,2.95289e-09
19,5,4.2706e-08
19,6,4.6446e-07
19,7,3.87666e-06
19,8,2.51439e-05
19,9,0.000127758
19,10,0.000512208
19,11,0.00163843
19,12,0.00427462
19,13,0.00945866
19,14,0.0186556
19,15,0.0339425
19,16,0.0571989
19,17,0.0888664
19,18,0.127648
19,19,0.169983
19,20,0.211039
19,21,0.246681
19,22,0.273554
19,23,0.291467
19,24,0.301137
19,25,0.304176
19,26,0.301137
19,27,0.291467
19,28,0.273554
19,29,0.246681
19,30,0.211039
19,31,0.169983
19,32,0.127648
19,33,0.0888664
19,34,0.0571989
19,35,0.0339425
19,36,0.0186556
19,37,0.00945866
19,38,0.00427462
19,39,0.00163843
19,40,0.000512208
19,41,0.000127758
19,42,2.51439e-05
19,43,3.87666e-06
19,44,4.6446e-07
19,45,4.2706e-08
19,46,2.95289e-09
19,47,1.48465e-10
19,48,5.12147e-12
19,49,8.87656e-14
20,0,0
20,1,1.2837e-12
20,2,3.90733e-11
20,3,8.20732e-10
20,4,1.26229e-08
20,5,1.47189e-07
20,6,1.32974e-06
20,7,9.4372e-06
20,8,5.30968e-05
20,9,0.000238503
20,10,0.000862155
20,11,0.00254181
20,12,0.00626174
20,13,0.0133845
20,14,0.0258717
20,15,0.046298
20,16,0.0765969
20,17,0.116374
20,18,0.162798
20,19,0.211039
20,20,0.254836
20,21,0.289038
20,22,0.311763
20,23,0.324134
20,24,0.329315
20,25,0.3306
20,26,0.329315
20,27,0.324134
20,28,0.311763
20,29,0.289038
20,30,0.254836
20,31,0.211039
20,32,0.162798
20,33,0.116374
20,34,0.0765969
20,35,0.046298
20,36,0.0258717
20,37,0.0133845
20,38,0.00626174
20,39,0.00254181
20,40,0.000862155
20,41,0.000238503
20,42,5.30968e-05
20,43,9.4372e-06
20,44,1.32974e-06
20,45,1.47189e-07
20,46,1.26229e-08
20,47,8.20731e-10
20,48,3.90695e-11
20,49,1.11608e-12
21,0,0
21,1,8.23824e-12
21,2,1.83262e-10
21,3,3.00843e-09
21,4,3.78025e-08
21,5,3.71986e-07
21,6,2.9092e-06
21,7,1.82564e-05
21,8,9.2516e-05
21,9,0.000380589
21,10,0.00127998
21,11,0.00356685
21,12,0.00844488
21,13,0.0176295
21,14,0.0336163
21,15,0.0593051
21,16,0.0961302
21,17,0.142742
21,18,0.195266
21,19,0.246681
21,20,0.289038
21,21,0.31784
21,22,0.332048
21,23,0.335347
21,24,0.333463
21,25,0.331971
21,26,0.333463
21,27,0.335347
21,28,0.332048
21,29,0.31784
21,30,0.289038
21,31,0.246681
21,32,0.195266
21,33,0.142742
21,34,0.0961302
21,35,0.0593051
21,36,0.0336163
21,37,0.0176295
21,38,0.00844488
21,39,0.00356685
21,40,0.00127998
21,41,0.000380589
21,42,9.2516e-05
21,43,1.82564e-05
21,44,2.9092e-06
21,45,3.71986e-07
21,46,3.78025e-08
21,47,3.00843e-09
21,48,1.83238e-10
21,49,7.62391e-12
22,0,0
22,1,3.17448e-11
22,2,5.60844e-10
22,3,7.6606e-09
22,4,8.29044e-08
22,5,7.21469e-07
22,6,5.09488e-06
22,7,2.93498e-05
22,8,0.000138351
22,9,0.000535367
22,10,0.00171182
22,11,0.00458892
22,12,0.0105887
22,13,0.021775
22,14,0.0410265
22,15,0.0713036
22,16,0.11368
22,17,0.165942
22,18,0.222192
22,19,0.273554
22,20,0.311763
22,21,0.332048
22,22,0.335106
22,23,0.326964
22,24,0.315809
22,25,0.310508
22,26,0.315809
22,27,0.326964
22,28,0.335106
22,29,0.332048
22,30,0.311763
22,31,0.273554
22,32,0.222192
22,33,0.165942
22,34,0.11368
22,35,0.0713036
22,36,0.0410265
22,37,0.021775
22,38,0.0105887
22,39,0.00458892
22,40,0.00171182
22,41,0.000535367
22,42,0.000138351
22,43,2.93498e-05
22,44,5.09488e-06
22,45,7.21469e-07
22,46,8.29044e-08
22,47,7.6606e-09
22,48,5.60793e-10
22,49,3.12525e-11
23,0,0
23,1,7.80208e-11
23,2,1.17832e-09
23,3,1.42371e-08
23,4,1.39775e-07
23,5,1.12378e-06
23,6,7.42947e-06
23,7,4.04658e-05
23,8,0.000181813
23,9,0.000675615
23,10,0.00209069
23,11,0.00546904
23,12,0.0124109
23,13,0.0252389
23,14,0.0471241
23,15,0.0811012
23,16,0.127676
23,17,0.183434
23,18,0.241385
23,19,0.291467
23,20,0.324134
23,21,0.335347
23,22,0.326964
23,23,0.306403
23,24,0.284095
23,25,0.272156
23,26,0.284095
23,27,0.306403
23,28,0.326964
23,29,0.335347
23,30,0.324134
23,31,0.291467
23,32,0.241385
23,33,0.183434
23,34,0.127676
23,35,0.0811012
23,36,0.0471241
23,37,0.0252389
23,38,0.0124109
23,39,0.00546904
23,40,0.00209069
23,41,0.000675615
23,42,0.000181813
23,43,4.04658e-05
23,44,7.42947e-06
23,45,1.12378e-06
23,46,1.39775e-07
23,47,1.42371e-08
23,48,1.17839e-09
23,49,8.10974e-11
24,0,0
24,1,1.29287e-10
24,2,1.79204e-09
24,3,2.02603e-08
24,4,1.88575e-07
24,5,1.45044e-06
24,6,9.23615e-06
24,7,4.87258e-05
24,8,0.000213075
24,9,0.000773977
24,10,0.00235095
24,11,0.00606324
24,12,0.0136302
24,13,0.0275605
24,14,0.0511832
24,15,0.087414
24,16,0.136421
24,17,0.194369
24,18,0.253058
24,19,0.301137
24,20,0.329315
24,21,0.333463
24,22,0.315809
24,23,0.284095
24,24,0.247315
24,25,0.219394
24,26,0.247315
24,27,0.284095
24,28,0.315809
24,29,0.333463
24,30,0.329315
24,31,0.301137
24,32,0.253058
24,33,0.194369
24,34,0.136421
24,35,0.087414
24,36,0.0511832
24,37,0.0275605
24,38,0.0136302
24,39,0.00606324
24,40,0.00235095
24,41,0.000773977
24,42,0.000213075
24,43,4.87258e-05
24,44,9.23615e-06
24,45,1.45044e-06
24,46,1.88575e-07
24,47,2.02603e-08
24,48,1.79251e-09
24,49,1.39338e-10
25,0,0
25,1,1.52082e-10
25,2,2.05355e-09
25,3,2.27272e-08
25,4,2.07879e-07
25,5,1.57616e-06
25,6,9.91764e-06
25,7,5.17902e-05
25,8,0.000224475
25,9,0.000809232
25,10,0.0024433
25,11,0.0062747
25,12,0.0140645
25,13,0.0283683
25,14,0.0525653
25,15,0.0896249
25,16,0.13956
25,17,0.198014
25,18,0.256638
25,19,0.304176
25,20,0.3306
25,21,0.331971
25,22,0.310508
25,23,0.272156
25,24,0.219394
25,25,0.135335
25,26,0.219394
25,27,0.272156
25,28,0.310508
25,29,0.331971
25,30,0.3306
25,31,0.304176
25,32,0.256638
25,33,0.198014
25,34,0.13956
25,35,0.0896249
25,36,0.0525653
25,37,0.0283683
25,38,0.0140645
25,39,0.0062747
25,40,0.0024433
25,41,0.000809232
25,42,0.000224475
25,43,5.17902e-05
25,44,9.91764e-06
25,45,1.57616e-06
25,46,2.07879e-07
25,47,2.27273e-08
25,48,2.05426e-09
25,49,1.65786e-10
26,0,0
26,1,1.29287e-10
26,2,1.79204e-09
26,3,2.02603e-08
26,4,1.88575e-07
26,5,1.45044e-06
26,6,9.23615e-06
26,7,4.87258e-05
26,8,0.000213075
26,9,0.000773977
26,10,0.00235095
26,11,0.00606324
26,12,0.0136302
26,13,0.0275605
26,14,0.0511832
26,15,0.087414
26,16,0.136421
26,17,0.194369
26,18,0.253058
26,19,0.301137
26,20,0.329315
26,21,0.333463
26,22,0.315809
26,23,0.284095
26,24,0.247315
26,25,0.219394
26,26,0.247315
26,27,0.284095
26,28,0.315809
26,29,0.333463
26,30,0.329315
26,31,0.301137
26,32,0.253058
26,33,0.194369
26,34,0.136421
26,35,0.087414
26,36,0.0511832
26,37,0.0275605
26,38,0.0136302
26,39,0.00606324
26,40,0.00235095
26,41,0.000773977
26,42,0.000213075
26,43,4.87258e-05
26,44,9.23615e-06
26,45,1.45044e-06
26,46,1.88575e-07
26,47,2.02603e-08
26,48,1.79251e-09
26,49,1.39338e-10
27,0,0
27,1,7.80208e-11
27,2,1.17832e-09
27,3,1.42371e-08
27,4,1.39775e-07
27,5,1.12378e-06
27,6,7.42947e-06
27,7,4.04658e-05
27,8,0.000181813
27,9,0.000675615
27,10,0.00209069
27,11,0.00546904
27,12,0.0124109
27,13,0.0252389
27,14,0.0471241
27,15,0.0811012
27,16,0.127676
27,17,0.183434
27,18,0.241385
27,19,0.291467
27,20,0.324134
27,21,0.335347
27,22,0.326964
27,23,0.306403
27,24,0.284095
27,25,0.272156
27,26,0.284095
27,27,0.306403
27,28,0.326964
27,29,0.335347
27,30,0.324134
27,31,0.291467
27,32,0.241385
27,33,0.183434
27,34,0.127676
27,35,0.0811012
27,36,0.0471241
27,37,0.0252389
27,38,0.0124109
27,39,0.00546904
27,40,0.00209069
27,41,0.000675615
27,42,0.000181813
27,43,4.04658e-05
27,44,7.42947e-06
27,45,1.12378e-06
27,46,1.39775e-07
27,47,1.42371e-08
27,48,1.17839e-09
27,49,8.10974e-11
28,0,0
28,1,3.17448e-11
28,2,5.60844e-10
28,3,7.6606e-09
28,4,8.29044e-08
28,5,7.21469e-07
28,6,5.09488e-06
28,7,2.93498e-05
28,8,0.000138351
28,9,0.000535367
28,10,0.00171182
28,11,0.00458892
28,12,0.0105887
28,13,0.021775
28,14,0.0410265
28,15,0.0713036
28,16,0.11368
28,17,0.165942
28,18,0.222192
28,19,0.273554
28,20,0.311763
28,21,0.332048
28,22,0.335106
28,23,0.326964
28,24,0.315809
28,25,0.310508
28,26,0.315809
28,27,0.326964
28,28,0.335106
28,29,0.332048
28,30,0.311763
28,31,0.273554
28,32,0.222192
28,33,0.165942
28,34,0.11368
28,35,0.0713036
28,36,0.0410265
28,37,0.021775
28,38,0.0105887
28,39,0.00458892
28,40,0.00171182
28,41,0.000535367
28,42,0.000138351
28,43,2.93498e-05
28,44,5.09488e-06
28,45,7.21469e-07
28,46,8.29044e-08
28,47,7.6606e-09
28,48,5.60793e-10
28,49,3.12525e-11
29,0,0
29,1,8.23824e-12
29,2,1.83262e-10
29,3,3.00843e-09
29,4,3.78025e-08
29,5,3.71986e-07
29,6,2.9092e-06
29,7,1.82564e-05
29,8,9.2516e-05
29,9,0.000380589
29,10,0.00127998
29,11,0.00356685
29,12,0.00844488
29,13,0.0176295
29,14,0.0336163
29,15,0.0593051
29,16,0.0961302
29,17,0.142742
29,18,0.195266
29,19,0.246681
29,20,0.289038
29,21,0.31784
29,22,0.332048
29,23,0.335347
29,24,0.333463
29,25,0.331971
29,26,0.333463
29,27,0.335347
29,28,0.332048
29,29,0.31784
29,30,0.289038
29,31,0.246681
29,32,0.195266
29,33,0.142742
29,34,0.0961302
29,35,0.0593051
29,36,0.0336163
29,37,0.0176295
29,38,0.00844488
29,39,0.00356685
29,40,0.00127998
29,41,0.000380589
29,42,9.2516e-05
29,43,1.82564e-05
29,44,2.9092e-06
29,45,3.71986e-07
29,46,3.78025e-08
29,47,3.00843e-09
29,48,1.83238e-10
29,49,7.62391e-12
30,0,0
30,1,1.2837e-12
30,2,3.90733e-11
30,3,8.20732e-10
30,4,1.26229e-08
30,5,1.47189e-07
30,6,1.32974e-06
30,7,9.4372e-06
30,8,5.30968e-05
30,9,0.000238503
30,10,0.000862155
30,11,0.00254181
30,12,0.00626174
30,13,0.0133845
30,14,0.0258717
30,15,0.046298
30,16,0.0765969
30,17,0.116374
30,18,0.162798
30,19,0.211039
30,20,0.254836
30,21,0.289038
30,22,0.311763
30,23,0.324134
30,24,0.329315
30,25,0.3306
30,26,0.329315
30,27,0.324134
30,28,0.311763
30,29,0.289038
30,30,0.254836
30,31,0.211039
30,32,0.162798
30,33,0.116374
30,34,0.0765969
30,35,0.046298
30,36,0.0258717
30,37,0.0133845
30,38,0.00626174
30,39,0.00254181
30,40,0.000862155
30,41,0.000238503
30,42,5.30968e-05
30,43,9.4372e-06
30,44,1.32974e-06
30,45,1.47189e-07
30,46,1.26229e-08
30,47,8.20731e-10
30,48,3.90695e-11
30,49,1.11608e-12
31,0,0
31,1,1.0839e-13
31,2,5.12168e-12
31,3,1.48465e-10
31,4,2.95289e-09
31,5,4.2706e-08
31,6,4.6446e-07
31,7,3.87666e-06
31,8,2.51439e-05
31,9,0.000127758
31,10,0.000512208
31,11,0.00163843
31,12,0.00427462
31,13,0.00945866
31,14,0.0186556
31,15,0.0339425
31,16,0.0571989
31,17,0.0888664
31,18,0.127648
31,19,0.169983
31,20,0.211039
31,21,0.246681
31,22,0.273554
31,23,0.291467
31,24,0.301137
31,25,0.304176
31,26,0.301137
31,27,0.291467
31,28,0.273554
31,29,0.246681
31,30,0.211039
31,31,0.169983
31,32,0.127648
31,33,0.0888664
31,34,0.0571989
31,35,0.0339425
31,36,0.0186556
31,37,0.00945866
31,38,0.00427462
31,39,0.00163843
31,40,0.000512208
31,41,0.000127758
31,42,2.51439e-05
31,43,3.87666e-06
31,44,4.6446e-07
31,45,4.2706e-08
31,46,2.95289e-09
31,47,1.48465e-10
31,48,5.12147e-12
31,49,8.87656e-14
32,0,0
32,1,3.78897e-15
32,2,3.71624e-13
32,3,1.67948e-11
32,4,4.63617e-10
32,5,8.73711e-09
32,6,1.1902e-07
32,7,1.21073e-06
32,8,9.37397e-06
32,9,5.58536e-05
32,10,0.000257887
32,11,0.000929343
32,12,0.0026524
32,13,0.00619399
32,14,0.0125169
32,15,0.023172
32,16,0.039981
32,17,0.0635373
32,18,0.0932695
32,19,0.127648
32,20,0.162798
32,21,0.195266
32,22,0.222192
32,23,0.241385
32,24,0.253058
32,25,0.256638
32,26,0.253058
32,27,0.241385
32,28,0.222192
32,29,0.195266
32,30,0.162798
32,31,0.127648
32,32,0.0932695
32,33,0.0635373
32,34,0.039981
32,35,0.023172
32,36,0.0125169
32,37,0.00619399
32,38,0.0026524
32,39,0.000929343
32,40,0.000257887
32,41,5.58536e-05
32,42,9.37397e-06
32,43,1.21073e-06
32,44,1.1902e-07
32,45,8.73711e-09
32,46,4.63617e-10
32,47,1.67948e-11
32,48,3.71624e-13
32,49,2.9334e-15
33,0,0
33,1,0
33,2,1.13669e-14
33,3,1.06842e-12
33,4,4.61172e-11
33,5,1.21121e-09
33,6,2.16202e-08
33,7,2.77514e-07
33,8,2.64385e-06
33,9,1.90337e-05
33,10,0.000104579
33,11,0.000441171
33,12,0.00143981
33,13,0.00370437
33,14,0.00785142
33,15,0.0147176
33,16,0.0258037
33,17,0.0422389
33,18,0.0635373
33,19,0.0888664
33,20,0.116374
33,21,0.142742
33,22,0.165942
33,23,0.183434
33,24,0.194369
33,25,0.198014
33,26,0.194369
33,27,0.183434
33,28,0.165942
33,29,0.142742
33,30,0.116374
33,31,0.0888664
33,32,0.0635373
33,33,0.0422389
33,34,0.0258037
33,35,0.0147176
33,36,0.00785142
33,37,0.00370437
33,38,0.00143981
33,39,0.000441171
33,40,0.000104579
33,41,1.90337e-05
33,42,2.64385e-06
33,43,2.77514e-07
33,44,2.16202e-08
33,45,1.21121e-09
33,46,4.61172e-11
33,47,1.06842e-12
33,48,1.13669e-14
33,49,0
34,0,0
34,1,0
34,2,0
34,3,2.90488e-14
34,4,2.61169e-12
34,5,1.07487e-10
34,6,2.682e-09
34,7,4.52966e-08
34,8,5.47546e-07
34,9,4.88608e-06
34,10,3.27464e-05
34,11,0.000166353
34,12,0.000644279
34,13,0.00191959
34,14,0.00450727
34,15,0.00881023
34,16,0.0155176
34,17,0.0258037
34,18,0.039981
34,19,0.0571989
34,20,0.0765969
34,21,0.0961302
34,22,0.11368
34,23,0.127676
34,24,0.136421
34,25,0.13956
34,26,0.136421
34,27,0.127676
34,28,0.11368
34,29,0.0961302
34,30,0.0765969
34,31,0.0571989
34,32,0.039981
34,33,0.0258037
34,34,0.0155176
34,35,0.00881023
34,36,0.00450727
34,37,0.00191959
34,38,0.000644279
34,39,0.000166353
34,40,3.27464e-05
34,41,4.88608e-06
34,42,5.47546e-07
34,43,4.52966e-08
34,44,2.682e-09
34,45,1.07487e-10
34,46,2.61169e-12
34,47,2.90488e-14
34,48,0
34,49,0
35,0,0
35,1,0
35,2,0
35,3,0
35,4,6.39073e-14
35,5,5.48455e-12
35,6,2.14793e-10
35,7,5.08233e-09
35,8,8.10813e-08
35,9,9.21799e-07
35,10,7.69909e-06
35,11,4.80434e-05
35,12,0.000226037
35,13,0.000807129
35,14,0.00221362
35,15,0.00480831
35,16,0.00881023
35,17,0.0147176
35,18,0.023172
35,19,0.0339425
35,20,0.046298
35,21,0.0593051
35,22,0.0713036
35,23,0.0811012
35,24,0.087414
35,25,0.0896249
35,26,0.087414
35,27,0.0811012
35,28,0.0713036
35,29,0.0593051
35,30,0.046298
35,31,0.0339425
35,32,0.023172
35,33,0.0147176
35,34,0.00881023
35,35,0.00480831
35,36,0.00221362
35,37,0.000807129
35,38,0.000226037
35,39,4.80434e-05
35,40,7.69909e-06
35,41,9.21799e-07
35,42,8.10813e-08
35,43,5.08233e-09
35,44,2.14793e-10
35,45,5.48455e-12
35,46,6.39073e-14
35,47,0
35,48,0
35,49,0
36,0,0
36,1,0
36,2,0
36,3,0
36,4,0
36,5,1.22005e-13
36,6,9.9719e-12
36,7,3.70778e-10
36,8,8.30068e-09
36,9,1.24819e-07
36,10,1.33202e-06
36,11,1.03972e-05
36,12,6.03671e-05
36,13,0.000263263
36,14,0.000869827
36,15,0.00221362
36,16,0.00450727
36,17,0.00785142
36,18,0.0125169
36,19,0.0186556
36,20,0.0258717
36,21,0.0336163
36,22,0.0410265
36,23,0.0471241
36,24,0.0511832
36,25,0.0525653
36,26,0.0511832
36,27,0.0471241
36,28,0.0410265
36,29,0.0336163
36,30,0.0258717
36,31,0.0186556
36,32,0.0125169
36,33,0.00785142
36,34,0.00450727
36,35,0.00221362
36,36,0.000869827
36,37,0.000263263
36,38,6.03671e-05
36,39,1.03972e-05
36,40,1.33202e-06
36,41,1.24819e-07
36,42,8.30068e-09
36,43,3.70778e-10
36,44,9.97191e-12
36,45,1.22005e-13
36,46,0
36,47,0
36,48,0
36,49,0
37,0,0
37,1,0
37,2,0
37,3,0
37,4,0
37,5,0
37,6,2.03341e-13
37,7,1.57888e-11
37,8,5.55924e-10
37,9,1.17441e-08
37,10,1.66012e-07
37,11,1.65871e-06
37,12,1.20729e-05
37,13,6.51237e-05
37,14,0.000263263
37,15,0.000807129
37,16,0.00191959
37,17,0.00370437
37,18,0.00619399
37,19,0.00945866
37,20,0.0133845
37,21,0.0176295
37,22,0.021775
37,23,0.0252389
37,24,0.0275605
37,25,0.0283683
37,26,0.0275605
37,27,0.0252389
37,28,0.021775
37,29,0.0176295
37,30,0.0133845
37,31,0.00945866
37,32,0.00619399
37,33,0.00370437
37,34,0.00191959
37,35,0.000807129
37,36,0.000263263
37,37,6.51237e-05
37,38,1.20729e-05
37,39,1.65871e-06
37,40,1.66012e-07
37,41,1.17441e-08
37,42,5.55924e-10
37,43,1.57888e-11
37,44,2.03341e-13
37,45,0
37,46,0
37,47,0
37,48,0
37,49,0
38,0,0
38,1,0
38,2,0
38,3,0
38,4,0
38,5,0
38,6,0
38,7,2.97191e-13
38,8,2.18615e-11
38,9,7.26775e-10
38,10,1.44435e-08
38,11,1.91321e-07
38,12,1.78409e-06
38,13,1.20729e-05
38,14,6.03671e-05
38,15,0.000226037
38,16,0.000644279
38,17,0.00143981
38,18,0.0026524
38,19,0.00427462
38,20,0.00626174
38,21,0.00844488
38,22,0.0105887
38,23,0.0124109
38,24,0.0136302
38,25,0.0140645
38,26,0.0136302
38,27,0.0124109
38,28,0.0105887
38,29,0.00844488
38,30,0.00626174
38,31,0.00427462
38,32,0.0026524
38,33,0.00143981
38,34,0.000644279
38,35,0.000226037
38,36,6.03671e-05
38,37,1.20729e-05
38,38,1.78409e-06
38,39,1.91321e-07
38,40,1.44435e-08
38,41,7.26775e-10
38,42,2.18615e-11
38,43,2.97191e-13
38,44,0
38,45,0
38,46,0
38,47,0
38,48,0
38,49,0
39,0,0
39,1,0
39,2,0
39,3,0
39,4,0
39,5,0
39,6,0
39,7,0
39,8,3.82103e-13
39,9,2.65461e-11
39,10,8.30487e-10
39,11,1.54714e-08
39,12,1.91321e-07
39,13,1.65871e-06
39,14,1.03972e-05
39,15,4.80434e-05
39,16,0.000166353
39,17,0.000441171
39,18,0.000929343
39,19,0.00163843
39,20,0.00254181
39,21,0.00356685
39,22,0.00458892
39,23,0.00546904
39,24,0.00606324
39,25,0.0062747
39,26,0.00606324
39,27,0.00546904
39,28,0.00458892
39,29,0.00356685
39,30,0.00254181
39,31,0.00163843
39,32,0.000929343
39,33,0.000441171
39,34,0.000166353
39,35,4.80434e-05
39,36,1.03972e-05
39,37,1.65871e-06
39,38,1.91321e-07
39,39,1.54714e-08
39,40,8.30487e-10
39,41,2.65461e-11
39,42,3.82103e-13
39,43,0
39,44,0
39,45,0
39,46,0
39,47,0
39,48,0
39,49,0
40,0,0
40,1,0
40,2,0
40,3,0
40,4,0
40,5,0
40,6,0
40,7,0
40,8,0
40,9,4.3305e-13
40,10,2.83158e-11
40,11,8.30487e-10
40,12,1.44435e-08
40,13,1.66012e-07
40,14,1.33202e-06
40,15,7.69909e-06
40,16,3.27464e-05
40,17,0.000104579
40,18,0.000257887
40,19,0.000512208
40,20,0.000862155
40,21,0.00127998
40,22,0.00171182
40,23,0.00209069
40,24,0.00235095
40,25,0.0024433
40,26,0.00235095
40,27,0.00209069
40,28,0.00171182
40,29,0.00127998
40,30,0.000862155
40,31,0.000512208
40,32,0.000257887
40,33,0.000104579
40,34,3.27464e-05
40,35,7.69909e-06
40,36,1.33202e-06
40,37,1.66012e-07
40,38,1.44435e-08
40,39,8.30487e-10
40,40,2.83158e-11
40,41,4.3305e-13
40,42,0
40,43,0
40,44,0
40,45,0
40,46,0
40,47,0
40,48,0
40,49,0
41,0,0
41,1,0
41,2,0
41,3,0
41,4,0
41,5,0
41,6,0
41,7,0
41,8,0
41,9,0
41,10,4.3305e-13
41,11,2.65461e-11
41,12,7.26775e-10
41,13,1.17441e-08
41,14,1.24819e-07
41,15,9.21799e-07
41,16,4.88608e-06
41,17,1.90337e-05
41,18,5.58536e-05
41,19,0.000127758
41,20,0.000238502
41,21,0.000380589
41,22,0.000535367
41,23,0.000675615
41,24,0.000773977
41,25,0.000809232
41,26,0.000773976
41,27,0.000675615
41,28,0.000535367
41,29,0.000380589
41,30,0.000238503
41,31,0.000127758
41,32,5.58536e-05
41,33,1.90337e-05
41,34,4.88608e-06
41,35,9.21799e-07
41,36,1.24819e-07
41,37,1.17441e-08
41,38,7.26775e-10
41,39,2.65461e-11
41,40,4.3305e-13
41,41,0
41,42,0
41,43,0
41,44,0
41,45,0
41,46,0
41,47,0
41,48,0
41,49,0
42,0,0
42,1,0
42,2,0
42,3,0
42,4,0
42,5,0
42,6,0
42,7,0
42,8,0
42,9,0
42,10,0
42,11,3.82103e-13
42,12,2.18615e-11
42,13,5.55924e-10
42,14,8.30068e-09
42,15,8.10813e-08
42,16,5.47546e-07
42,17,2.64385e-06
42,18,9.37397e-06
42,19,2.51439e-05
42,20,5.30968e-05
42,21,9.2516e-05
42,22,0.000138351
42,23,0.000181813
42,24,0.000213075
42,25,0.000224475
42,26,0.000213075
42,27,0.000181813
42,28,0.000138351
42,29,9.2516e-05
42,30,5.30968e-05
42,31,2.51439e-05
42,32,9.37397e-06
42,33,2.64385e-06
42,34,5.47546e-07
42,35,8.10814e-08
42,36,8.30068e-09
42,37,5.55924e-10
42,38,2.18615e-11
42,39,3.82103e-13
42,40,0
42,41,0
42,42,0
42,43,0
42,44,0
42,45,0
42,46,0
42,47,0
42,48,0
42,49,0
43,0,0
43,1,0
43,2,0
43,3,0
43,4,0
43,5,0
43,6,0
43,7,0
43,8,0
43,9,0
43,10,0
43,11,0
43,12,2.97191e-13
43,13,1.57888e-11
43,14,3.70778e-10
43,15,5.08233e-09
43,16,4.52966e-08
43,17,2.77514e-07
43,18,1.21073e-06
43,19,3.87666e-06
43,20,9.4372e-06
43,21,1.82564e-05
43,22,2.93498e-05
43,23,4.04658e-05
43,24,4.87258e-05
43,25,5.17902e-05
43,26,4.87258e-05
43,27,4.04658e-05
43,28,2.93498e-05
43,29,1.82564e-05
43,30,9.4372e-06
43,31,3.87666e-06
43,32,1.21073e-06
43,33,2.77514e-07
43,34,4.52966e-08
43,35,5.08233e-09
43,36,3.70778e-10
43,37,1.57889e-11
43,38,2.97191e-13
43,39,0
43,40,0
43,41,0
43,42,0
43,43,0
43,44,0
43,45,0
43,46,0
43,47,0
43,48,0
43,49,0
44,0,0
44,1,0
44,2,0
44,3,0
44,4,0
44,5,0
44,6,0
44,7,0
44,8,0
44,9,0
44,10,0
44,11,0
44,12,0
44,13,2.03341e-13
44,14,9.9719e-12
44,15,2.14793e-10
44,16,2.682e-09
44,17,2.16202e-08
44,18,1.1902e-07
44,19,4.6446e-07
44,20,1.32974e-06
44,21,2.9092e-06
44,22,5.09488e-06
44,23,7.42947e-06
44,24,9.23615e-06
44,25,9.91764e-06
44,26,9.23615e-06
44,27,7.42947e-06
44,28,5.09488e-06
44,29,2.9092e-06
44,30,1.32974e-06
44,31,4.6446e-07
44,32,1.1902e-07
44,33,2.16202e-08
44,34,2.682e-09
44,35,2.14793e-10
44,36,9.97191e-12
44,37,2.03341e-13
44,38,0
44,39,0
44,40,0
44,41,0
44,42,0
44,43,0
44,44,0
44,45,0
44,46,0
44,47,0
44,48,0
44,49,0
45,0,0
45,1,0
45,2,0
45,3,0
45,4,0
45,5,0
45,6,0
45,7,0
45,8,0
45,9,0
45,10,0
45,11,0
45,12,0
45,13,0
45,14,1.22005e-13
45,15,5.48455e-12
45,16,1.07487e-10
45,17,1.21121e-09
45,18,8.73711e-09
45,19,4.2706e-08
45,20,1.47189e-07
45,21,3.71986e-07
45,22,7.21469e-07
45,23,1.12378e-06
45,24,1.45044e-06
45,25,1.57616e-06
45,26,1.45044e-06
45,27,1.12378e-06
45,28,7.21469e-07
45,29,3.71986e-07
45,30,1.47189e-07
45,31,4.2706e-08
45,32,8.73711e-09
45,33,1.21121e-09
45,34,1.07487e-10
45,35,5.48455e-12
45,36,1.22005e-13
45,37,0
45,38,0
45,39,0
45,40,0
45,41,0
45,42,0
45,43,0
45,44,0
45,45,0
45,46,0
45,47,0
45,48,0
45,49,0
46,0,0
46,1,0
46,2,0
46,3,0
46,4,0
46,5,0
46,6,0
46,7,0
46,8,0
46,9,0
46,10,0
46,11,0
46,12,0
46,13,0
46,14,0
46,15,6.39073e-14
46,16,2.61169e-12
46,17,4.61172e-11
46,18,4.63617e-10
46,19,2.95289e-09
46,20,1.26229e-08
46,21,3.78025e-08
46,22,8.29044e-08
46,23,1.39775e-07
46,24,1.88575e-07
46,25,2.07879e-07
46,26,1.88575e-07
46,27,1.39775e-07
46,28,8.29044e-08
46,29,3.78025e-08
46,30,1.26229e-08
46,31,2.95289e-09
46,32,4.63617e-10
46,33,4.61172e-11
46,34,2.61169e-12
46,35,6.39073e-14
46,36,0
46,37,0
46,38,0
46,39,0
46,40,0
46,41,0
46,42,0
46,43,0
46,44,0
46,45,0
46,46,0
46,47,0
46,48,0
46,49,0
47,0,0
47,1,0
47,2,0
47,3,0
47,4,0
47,5,0
47,6,0
47,7,0
47,8,0
47,9,0
47,10,0
47,11,0
47,12,0
47,13,0
47,14,0
47,15,0
47,16,2.90488e-14
47,17,1.06842e-12
47,18,1.67948e-11
47,19,1.48465e-10
47,20,8.20732e-10
47,21,3.00843e-09
47,22,7.6606e-09
47,23,1.42371e-08
47,24,2.02603e-08
47,25,2.27273e-08
47,26,2.02603e-08
47,27,1.42371e-08
47,28,7.6606e-09
47,29,3.00843e-09
47,30,8.20731e-10
47,31,1.48465e-10
47,32,1.67948e-11
47,33,1.06842e-12
47,34,2.90488e-14
47,35,0
47,36,0
47,37,0
47,38,0
47,39,0
47,40,0
47,41,0
47,42,0
47,43,0
47,44,0
47,45,0
47,46,0
47,47,0
47,48,0
47,49,0
48,0,0
48,1,0
48,2,0
48,3,0
48,4,0
48,5,0
48,6,0
48,7,0
48,8,0
48,9,0
48,10,0
48,11,0
48,12,0
48,13,0
48,14,0
48,15,0
48,16,0
48,17,1.13669e-14
48,18,3.71624e-13
48,19,5.12147e-12
48,20,3.90695e-11
48,21,1.83238e-10
48,22,5.60793e-10
48,23,1.17839e-09
48,24,1.79251e-09
48,25,2.05426e-09
48,26,1.79251e-09
48,27,1.17839e-09
48,28,5.60793e-10
48,29,1.83238e-10
48,30,3.90695e-11
48,31,5.12147e-12
48,32,3.71624e-13
48,33,1.13669e-14
48,34,0
48,35,0
48,36,0
48,37,0
48,38,0
48,39,0
48,40,0
48,41,0
48,42,0
48,43,0
48,44,0
48,45,0
48,46,0
48,47,0
48,48,0
48,49,0
49,0,0
49,1,0
49,2,0
49,3,0
49,4,0
49,5,0
49,6,0
49,7,0
49,8,0
49,9,0
49,10,0
49,11,0
49,12,0
49,13,0
49,14,0
49,15,0
49,16,0
49,17,0
49,18,2.9334e-15
49,19,8.87656e-14
49,20,1.11608e-12
49,21,7.62391e-12
49,22,3.12525e-11
49,23,8.10974e-11
49,24,1.39338e-10
49,25,1.65786e-10
49,26,1.39338e-10
49,27,8.10974e-11
49,28,3.12525e-11
49,29,7.62391e-12
49,30,1.11608e-12
49,31,8.87656e-14
49,32,2.9334e-15
49,33,0
49,34,0
49,35,0
49,36,0
49,37,0
49,38,0
49,39,0
49,40,0
49,41,0
49,42,0
49,43,0
49,44,0
49,45,0
49,46,0
49,47,0
49,48,0
49,49,0
