0,0,0
0,1,0
0,2,0
0,3,0
0,4,0
0,5,0
0,6,0
0,7,0
0,8,0
0,9,0
0,10,0
0,11,0
0,12,0
0,13,0
0,14,0
0,15,0
0,16,0
0,17,0
0,18,0
0,19,0
0,20,0
0,21,0
0,22,0
0,23,0
0,24,0
0,25,0
0,26,0
0,27,0
0,28,0
0,29,0
0,30,0
0,31,0
0,32,0
0,33,0
0,34,0
0,35,0
0,36,0
0,37,0
0,38,0
0,39,0
0,40,0
0,41,0
0,42,0
0,43,0
0,44,0
0,45,0
0,46,0
0,47,0
0,48,0
0,49,0
1,0,0
1,1,0
1,2,0
1,3,0
1,4,0
1,5,0
1,6,0
1,7,0
1,8,0
1,9,0
1,10,0
1,11,0
1,12,0
1,13,0
1,14,0
1,15,0
1,16,0
1,17,0
1,18,0
1,19,0
1,20,0
1,21,0
1,22,1.07895e-15
1,23,1.32696e-14
1,24,5.42814e-14
1,25,8.71467e-14
1,26,5.42814e-14
1,27,1.32696e-14
1,28,1.07895e-15
1,29,0
1,30,0
1,31,0
1,32,0
1,33,0
1,34,0
1,35,0
1,36,0
1,37,0
1,38,0
1,39,0
1,40,0
1,41,0
1,42,0
1,43,0
1,44,0
1,45,0
1,46,0
1,47,0
1,48,0
1,49,0
2,0,0
2,1,0
2,2,0
2,3,0
2,4,0
2,5,0
2,6,0
2,7,0
2,8,0
2,9,0
2,10,0
2,11,0
2,12,0
2,13,0
2,14,0
2,15,0
2,16,0
2,17,0
2,18,0
2,19,0
2,20,0
2,21,6.47371e-15
2,22,1.06156e-13
2,23,6.38679e-13
2,24,1.77509e-12
2,25,2.44429e-12
2,26,1.77509e-12
2,27,6.38679e-13
2,28,1.06156e-13
2,29,6.47371e-15
2,30,0
2,31,0
2,32,0
2,33,0
2,34,0
2,35,0
2,36,0
2,37,0
2,38,0
2,39,0
2,40,0
2,41,0
2,42,0
2,43,0
2,44,0
2,45,0
2,46,0
2,47,0
2,48,0
2,49,0
3,0,0
3,1,0
3,2,0
3,3,0
3,4,0
3,5,0
3,6,0
3,7,0
3,8,0
3,9,0
3,10,0
3,11,0
3,12,0
3,13,0
3,14,0
3,15,0
3,16,0
3,17,0
3,18,0
3,19,0
3,20,2.9779e-14
3,21,6.10399e-13
3,22,4.84798e-12
3,23,1.9206e-11
3,24,4.15833e-11
3,25,5.27282e-11
3,26,4.15833e-11
3,27,1.9206e-11
3,28,4.84798e-12
3,29,6.10399e-13
3,30,2.9779e-14
3,31,0
3,32,0
3,33,0
3,34,0
3,35,0
3,36,0
3,37,0
3,38,0
3,39,0
3,40,0
3,41,0
3,42,0
3,43,0
3,44,0
3,45,0
3,46,0
3,47,0
3,48,0
3,49,0
4,0,0
4,1,0
4,2,0
4,3,0
4,4,0
4,5,0
4,6,0
4,7,0
4,8,0
4,9,0
4,10,0
4,11,0
4,12,0
4,13,0
4,14,0
4,15,0
4,16,0
4,17,0
4,18,0
4,19,1.0919e-13
4,20,2.68576e-12
4,21,2.65066e-11
4,22,1.36474e-10
4,23,4.04727e-10
4,24,7.39263e-10
4,25,8.92749e-10
4,26,7.39263e-10
4,27,4.04727e-10
4,28,1.36474e-10
4,29,2.65066e-11
4,30,2.68576e-12
4,31,1.0919e-13
4,32,0
4,33,0
4,34,0
4,35,0
4,36,0
4,37,0
4,38,0
4,39,0
4,40,0
4,41,0
4,42,0
4,43,0
4,44,0
4,45,0
4,46,0
4,47,0
4,48,0
4,49,0
5,0,0
5,1,0
5,2,0
5,3,0
5,4,0
5,5,0
5,6,0
5,7,0
5,8,0
5,9,0
5,10,0
5,11,0
5,12,0
5,13,0
5,14,0
5,15,0
5,16,0
5,17,0
5,18,3.27569e-13
5,19,9.40015e-12
5,20,1.10899e-10
5,21,7.03e-10
5,22,2.65239e-09
5,23,6.34849e-09
5,24,1.029e-08
5,25,1.20152e-08
5,26,1.029e-08
5,27,6.34849e-09
5,28,2.65239e-09
5,29,7.03e-10
5,30,1.10899e-10
5,31,9.40015e-12
5,32,3.27569e-13
5,33,0
5,34,0
5,35,0
5,36,0
5,37,0
5,38,0
5,39,0
5,40,0
5,41,0
5,42,0
5,43,0
5,44,0
5,45,0
5,46,0
5,47,0
5,48,0
5,49,0
6,0,0
6,1,0
6,2,0
6,3,0
6,4,0
6,5,0
6,6,0
6,7,0
6,8,0
6,9,0
6,10,0
6,11,0
6,12,0
6,13,0
6,14,0
6,15,0
6,16,0
6,17,8.18924e-13
6,18,2.68576e-11
6,19,3.6868e-10
6,20,2.77708e-09
6,21,1.2734e-08
6,22,3.77731e-08
6,23,7.67812e-08
6,24,1.14074e-07
6,25,1.29733e-07
6,26,1.14074e-07
6,27,7.67812e-08
6,28,3.77731e-08
6,29,1.2734e-08
6,30,2.77708e-09
6,31,3.6868e-10
6,32,2.68576e-11
6,33,8.18924e-13
6,34,0
6,35,0
6,36,0
6,37,0
6,38,0
6,39,0
6,40,0
6,41,0
6,42,0
6,43,0
6,44,0
6,45,0
6,46,0
6,47,0
6,48,0
6,49,0
7,0,0
7,1,0
7,2,0
7,3,0
7,4,0
7,5,0
7,6,0
7,7,0
7,8,0
7,9,0
7,10,0
7,11,0
7,12,0
7,13,0
7,14,0
7,15,0
7,16,1.72884e-12
7,17,6.37867e-11
7,18,9.98808e-10
7,19,8.71845e-09
7,20,4.7099e-08
7,21,1.66934e-07
7,22,4.08285e-07
7,23,7.31206e-07
7,24,1.01638e-06
7,25,1.13108e-06
7,26,1.01638e-06
7,27,7.31206e-07
7,28,4.08285e-07
7,29,1.66934e-07
7,30,4.7099e-08
7,31,8.71845e-09
7,32,9.98808e-10
7,33,6.37867e-11
7,34,1.72884e-12
7,35,0
7,36,0
7,37,0
7,38,0
7,39,0
7,40,0
7,41,0
7,42,0
7,43,0
7,44,0
7,45,0
7,46,0
7,47,0
7,48,0
7,49,0
8,0,0
8,1,0
8,2,0
8,3,0
8,4,0
8,5,0
8,6,0
8,7,0
8,8,0
8,9,0
8,10,0
8,11,0
8,12,0
8,13,0
8,14,0
8,15,3.11191e-12
8,16,1.27573e-10
8,17,2.24425e-09
8,18,2.22817e-08
8,19,1.38669e-07
8,20,5.72353e-07
8,21,1.63807e-06
8,22,3.42341e-06
8,23,5.54964e-06
8,24,7.31184e-06
8,25,7.99389e-06
8,26,7.31184e-06
8,27,5.54964e-06
8,28,3.42341e-06
8,29,1.63807e-06
8,30,5.72353e-07
8,31,1.38669e-07
8,32,2.22817e-08
8,33,2.24425e-09
8,34,1.27574e-10
8,35,3.11191e-12
8,36,0
8,37,0
8,38,0
8,39,0
8,40,0
8,41,0
8,42,0
8,43,0
8,44,0
8,45,0
8,46,0
8,47,0
8,48,0
8,49,0
9,0,0
9,1,0
9,2,0
9,3,0
9,4,0
9,5,0
9,6,0
9,7,0
9,8,0
9,9,0
9,10,0
9,11,0
9,12,0
9,13,0
9,14,4.80931e-12
9,15,2.16875e-10
9,16,4.23499e-09
9,17,4.71413e-08
9,18,3.32316e-07
9,19,1.56725e-06
9,20,5.14507e-06
9,21,1.22839e-05
9,22,2.25739e-05
9,23,3.37828e-05
9,24,4.25685e-05
9,25,4.58826e-05
9,26,4.25685e-05
9,27,3.37828e-05
9,28,2.25739e-05
9,29,1.22839e-05
9,30,5.14507e-06
9,31,1.56725e-06
9,32,3.32316e-07
9,33,4.71413e-08
9,34,4.23498e-09
9,35,2.16875e-10
9,36,4.80931e-12
9,37,0
9,38,0
9,39,0
9,40,0
9,41,0
9,42,0
9,43,0
9,44,0
9,45,0
9,46,0
9,47,0
9,48,0
9,49,0
10,0,0
10,1,0
10,2,0
10,3,0
10,4,0
10,5,0
10,6,0
10,7,0
10,8,0
10,9,0
10,10,0
10,11,0
10,12,0
10,13,6.41242e-12
10,14,3.15454e-10
10,15,6.77139e-09
10,16,8.35488e-08
10,17,6.58407e-07
10,18,3.49682e-06
10,19,1.29727e-05
10,20,3.48657e-05
10,21,7.13532e-05
10,22,0.000118084
10,23,0.000165507
10,24,0.000200908
10,25,0.00021409
10,26,0.000200908
10,27,0.000165507
10,28,0.000118084
10,29,7.13532e-05
10,30,3.48657e-05
10,31,1.29727e-05
10,32,3.49682e-06
10,33,6.58407e-07
10,34,8.35488e-08
10,35,6.77139e-09
10,36,3.15454e-10
10,37,6.41242e-12
10,38,0
10,39,0
10,40,0
10,41,0
10,42,0
10,43,0
10,44,0
10,45,0
10,46,0
10,47,0
10,48,0
10,49,0
11,0,0
11,1,0
11,2,0
11,3,0
11,4,0
11,5,0
11,6,0
11,7,0
11,8,0
11,9,0
11,10,0
11,11,0
11,12,7.39895e-12
11,13,3.94318e-10
11,14,9.22978e-09
11,15,1.25067e-07
11,16,1.09029e-06
11,17,6.44703e-06
11,18,2.672e-05
11,19,7.99894e-05
11,20,0.000180287
11,21,0.000324354
11,22,0.000493342
11,23,0.000654958
11,24,0.000771314
11,25,0.00081415
11,26,0.000771315
11,27,0.000654958
11,28,0.000493342
11,29,0.000324354
11,30,0.000180287
11,31,7.99894e-05
11,32,2.672e-05
11,33,6.44703e-06
11,34,1.09029e-06
11,35,1.25067e-07
11,36,9.22978e-09
11,37,3.94318e-10
11,38,7.39895e-12
11,39,0
11,40,0
11,41,0
11,42,0
11,43,0
11,44,0
11,45,0
11,46,0
11,47,0
11,48,0
11,49,0
12,0,0
12,1,0
12,2,0
12,3,0
12,4,0
12,5,0
12,6,0
12,7,0
12,8,0
12,9,0
12,10,0
12,11,7.39895e-12
12,12,4.2465e-10
12,13,1.07659e-08
12,14,1.5899e-07
12,15,1.52026e-06
12,16,9.91772e-06
12,17,4.55104e-05
12,18,0.000150582
12,19,0.000371295
12,20,0.000719086
12,21,0.00116705
12,22,0.0016609
12,23,0.00211132
12,24,0.0024296
12,25,0.00254421
12,26,0.0024296
12,27,0.00211132
12,28,0.0016609
12,29,0.00116705
12,30,0.000719086
12,31,0.000371295
12,32,0.000150582
12,33,4.55104e-05
12,34,9.91772e-06
12,35,1.52026e-06
12,36,1.5899e-07
12,37,1.07659e-08
12,38,4.2465e-10
12,39,7.39895e-12
12,40,0
12,41,0
12,42,0
12,43,0
12,44,0
12,45,0
12,46,0
12,47,0
12,48,0
12,49,0
13,0,0
13,1,0
13,2,0
13,3,0
13,4,0
13,5,0
13,6,0
13,7,0
13,8,0
13,9,0
13,10,6.41242e-12
13,11,3.94318e-10
13,12,1.07659e-08
13,13,1.72173e-07
13,14,1.79318e-06
13,15,1.28114e-05
13,16,6.46317e-05
13,17,0.000235026
13,18,0.000631749
13,19,0.00131175
13,20,0.00224924
13,21,0.00338526
13,22,0.00458519
13,23,0.00565152
13,24,0.00639891
13,25,0.00666226
13,26,0.00639891
13,27,0.00565152
13,28,0.00458519
13,29,0.00338526
13,30,0.00224924
13,31,0.00131175
13,32,0.000631749
13,33,0.000235026
13,34,6.46317e-05
13,35,1.28114e-05
13,36,1.79318e-06
13,37,1.72173e-07
13,38,1.07659e-08
13,39,3.94318e-10
13,40,6.41242e-12
13,41,0
13,42,0
13,43,0
13,44,0
13,45,0
13,46,0
13,47,0
13,48,0
13,49,0
14,0,0
14,1,0
14,2,0
14,3,0
14,4,0
14,5,0
14,6,0
14,7,0
14,8,0
14,9,4.80931e-12
14,10,3.15454e-10
14,11,9.22978e-09
14,12,1.5899e-07
14,13,1.79318e-06
14,14,1.39472e-05
14,15,7.69264e-05
14,16,0.000306204
14,17,0.000896186
14,18,0.00199639
14,19,0.00360627
14,20,0.0056955
14,21,0.0081749
14,22,0.010726
14,23,0.0129937
14,24,0.0145585
14,25,0.0151174
14,26,0.0145585
14,27,0.0129937
14,28,0.010726
14,29,0.0081749
14,30,0.0056955
14,31,0.00360627
14,32,0.00199639
14,33,0.000896186
14,34,0.000306204
14,35,7.69264e-05
14,36,1.39473e-05
14,37,1.79318e-06
14,38,1.5899e-07
14,39,9.22978e-09
14,40,3.15454e-10
14,41,4.80931e-12
14,42,0
14,43,0
14,44,0
14,45,0
14,46,0
14,47,0
14,48,0
14,49,0
15,0,0
15,1,0
15,2,0
15,3,0
15,4,0
15,5,0
15,6,0
15,7,0
15,8,3.11191e-12
15,9,2.16875e-10
15,10,6.77139e-09
15,11,1.25067e-07
15,12,1.52026e-06
15,13,1.28114e-05
15,14,7.69264e-05
15,15,0.000334293
15,16,0.00106595
15,17,0.00255904
15,18,0.00489045
15,19,0.00809344
15,20,0.0123002
15,21,0.017219
15,22,0.022254
15,23,0.0267303
15,24,0.0297604
15,25,0.0308775
15,26,0.0297604
15,27,0.0267303
15,28,0.022254
15,29,0.017219
15,30,0.0123002
15,31,0.00809344
15,32,0.00489045
15,33,0.00255904
15,34,0.00106595
15,35,0.000334293
15,36,7.69264e-05
15,37,1.28114e-05
15,38,1.52026e-06
15,39,1.25067e-07
15,40,6.77139e-09
15,41,2.16875e-10
15,42,3.11191e-12
15,43,0
15,44,0
15,45,0
15,46,0
15,47,0
15,48,0
15,49,0
16,0,0
16,1,0
16,2,0
16,3,0
16,4,0
16,5,0
16,6,0
16,7,1.72884e-12
16,8,1.27573e-10
16,9,4.23499e-09
16,10,8.35488e-08
16,11,1.09029e-06
16,12,9.91772e-06
16,13,6.46317e-05
16,14,0.000306204
16,15,0.00106595
16,16,0.00277814
16,17,0.00567682
16,18,0.00990269
16,19,0.0159559
16,20,0.0239466
16,21,0.0330594
16,22,0.0424302
16,23,0.0505255
16,24,0.0560307
16,25,0.0580016
16,26,0.0560307
16,27,0.0505255
16,28,0.0424302
16,29,0.0330594
16,30,0.0239466
16,31,0.0159559
16,32,0.00990269
16,33,0.00567682
16,34,0.00277814
16,35,0.00106595
16,36,0.000306204
16,37,6.46317e-05
16,38,9.91772e-06
16,39,1.09029e-06
16,40,8.35488e-08
16,41,4.23499e-09
16,42,1.27573e-10
16,43,1.72884e-12
16,44,0
16,45,0
16,46,0
16,47,0
16,48,0
16,49,0
17,0,0
17,1,0
17,2,0
17,3,0
17,4,0
17,5,0
17,6,8.18924e-13
17,7,6.37867e-11
17,8,2.24425e-09
17,9,4.71413e-08
17,10,6.58407e-07
17,11,6.44703e-06
17,12,4.55104e-05
17,13,0.000235026
17,14,0.000896186
17,15,0.00255904
17,16,0.00567682
17,17,0.0105742
17,18,0.0181064
17,19,0.0291594
17,20,0.0430865
17,21,0.058807
17,22,0.0746523
17,23,0.0879325
17,24,0.0970453
17,25,0.100096
17,26,0.0970453
17,27,0.0879325
17,28,0.0746523
17,29,0.058807
17,30,0.0430866
17,31,0.0291594
17,32,0.0181064
17,33,0.0105742
17,34,0.00567682
17,35,0.00255904
17,36,0.000896186
17,37,0.000235026
17,38,4.55104e-05
17,39,6.44703e-06
17,40,6.58407e-07
17,41,4.71413e-08
17,42,2.24425e-09
17,43,6.37867e-11
17,44,8.18924e-13
17,45,0
17,46,0
17,47,0
17,48,0
17,49,0
18,0,0
18,1,0
18,2,0
18,3,0
18,4,0
18,5,3.27569e-13
18,6,2.68576e-11
18,7,9.98808e-10
18,8,2.22817e-08
18,9,3.32316e-07
18,10,3.49682e-06
18,11,2.672e-05
18,12,0.000150582
18,13,0.000631749
18,14,0.00199639
18,15,0.00489045
18,16,0.00990269
18,17,0.0181064
18,18,0.0311429
18,19,0.0492628
18,20,0.0713828
18,21,0.0961908
18,22,0.120098
18,23,0.140098
18,24,0.153342
18,25,0.157871
18,26,0.153342
18,27,0.140098
18,28,0.120098
18,29,0.0961908
18,30,0.0713828
18,31,0.0492628
18,32,0.0311429
18,33,0.0181064
18,34,0.00990269
18,35,0.00489045
18,36,0.00199639
18,37,0.000631749
18,38,0.000150582
18,39,2.672e-05
18,40,3.49682e-06
18,41,3.32316e-07
18,42,2.22817e-08
18,43,9.98808e-10
18,44,2.68576e-11
18,45,3.27569e-13
18,46,0
18,47,0
18,48,0
18,49,0
19,0,0
19,1,0
19,2,0
19,3,0
19,4,1.0919e-13
19,5,9.40015e-12
19,6,3.6868e-10
19,7,8.71845e-09
19,8,1.38669e-07
19,9,1.56725e-06
19,10,1.29727e-05
19,11,7.99894e-05
19,12,0.000371295
19,13,0.00131175
19,14,0.00360627
19,15,0.00809344
19,16,0.0159559
19,17,0.0291594
19,18,0.0492628
19,19,0.0761058
19,20,0.108786
19,21,0.144059
19,22,0.177102
19,23,0.204287
19,24,0.221461
19,25,0.227637
19,26,0.221461
19,27,0.204287
19,28,0.177102
19,29,0.144059
19,30,0.108786
19,31,0.0761058
19,32,0.0492628
19,33,0.0291594
19,34,0.0159559
19,35,0.00809344
19,36,0.00360627
19,37,0.00131175
19,38,0.000371295
19,39,7.99894e-05
19,40,1.29727e-05
19,41,1.56725e-06
19,42,1.38669e-07
19,43,8.71845e-09
19,44,3.6868e-10
19,45,9.40015e-12
19,46,1.0919e-13
19,47,0
19,48,0
19,49,0
20,0,0
20,1,0
20,2,0
20,3,2.9779e-14
20,4,2.68576e-12
20,5,1.10899e-10
20,6,2.77708e-09
20,7,4.7099e-08
20,8,5.72353e-07
20,9,5.14507e-06
20,10,3.48657e-05
20,11,0.000180287
20,12,0.000719086
20,13,0.00224924
20,14,0.0056955
20,15,0.0123002
20,16,0.0239466
20,17,0.0430865
20,18,0.0713828
20,19,0.108786
20,20,0.152926
20,21,0.198665
20,22,0.240555
20,23,0.273176
20,24,0.293439
20,25,0.300317
20,26,0.293439
20,27,0.273176
20,28,0.240555
20,29,0.198665
20,30,0.152926
20,31,0.108786
20,32,0.0713828
20,33,0.0430865
20,34,0.0239466
20,35,0.0123002
20,36,0.0056955
20,37,0.00224924
20,38,0.000719086
20,39,0.000180287
20,40,3.48657e-05
20,41,5.14507e-06
20,42,5.72353e-07
20,43,4.7099e-08
20,44,2.77708e-09
20,45,1.10899e-10
20,46,2.68576e-12
20,47,2.9779e-14
20,48,0
20,49,0
21,0,0
21,1,0
21,2,6.47371e-15
21,3,6.10399e-13
21,4,2.65066e-11
21,5,7.03e-10
21,6,1.2734e-08
21,7,1.66934e-07
21,8,1.63807e-06
21,9,1.22839e-05
21,10,7.13532e-05
21,11,0.000324354
21,12,0.00116705
21,13,0.00338526
21,14,0.0081749
21,15,0.017219
21,16,0.0330594
21,17,0.058807
21,18,0.0961908
21,19,0.144059
21,20,0.198665
21,21,0.253594
21,22,0.301288
21,23,0.336497
21,24,0.357165
21,25,0.363784
21,26,0.357165
21,27,0.336497
21,28,0.301288
21,29,0.253594
21,30,0.198665
21,31,0.144059
21,32,0.0961908
21,33,0.058807
21,34,0.0330594
21,35,0.017219
21,36,0.0081749
21,37,0.00338526
21,38,0.00116705
21,39,0.000324354
21,40,7.13532e-05
21,41,1.22839e-05
21,42,1.63807e-06
21,43,1.66934e-07
21,44,1.2734e-08
21,45,7.02999e-10
21,46,2.65066e-11
21,47,6.10399e-13
21,48,6.47371e-15
21,49,0
22,0,0
22,1,1.07895e-15
22,2,1.06156e-13
22,3,4.84798e-12
22,4,1.36474e-10
22,5,2.65239e-09
22,6,3.77731e-08
22,7,4.08285e-07
22,8,3.42341e-06
22,9,2.25739e-05
22,10,0.000118084
22,11,0.000493342
22,12,0.0016609
22,13,0.00458519
22,14,0.010726
22,15,0.022254
22,16,0.0424302
22,17,0.0746523
22,18,0.120098
22,19,0.177102
22,20,0.240555
22,21,0.301288
22,22,0.351092
22,23,0.384929
22,24,0.402586
22,25,0.40767
22,26,0.402586
22,27,0.384929
22,28,0.351092
22,29,0.301288
22,30,0.240555
22,31,0.177102
22,32,0.120098
22,33,0.0746523
22,34,0.0424302
22,35,0.022254
22,36,0.010726
22,37,0.00458519
22,38,0.0016609
22,39,0.000493342
22,40,0.000118084
22,41,2.25739e-05
22,42,3.42341e-06
22,43,4.08285e-07
22,44,3.77731e-08
22,45,2.65239e-09
22,46,1.36474e-10
22,47,4.84798e-12
22,48,1.06156e-13
22,49,9.59067e-16
23,0,0
23,1,1.32696e-14
23,2,6.38679e-13
23,3,1.9206e-11
23,4,4.04727e-10
23,5,6.34849e-09
23,6,7.67812e-08
23,7,7.31207e-07
23,8,5.54964e-06
23,9,3.37828e-05
23,10,0.000165507
23,11,0.000654958
23,12,0.00211132
23,13,0.00565152
23,14,0.0129937
23,15,0.0267303
23,16,0.0505255
23,17,0.0879325
23,18,0.140098
23,19,0.204287
23,20,0.273176
23,21,0.336497
23,22,0.384929
23,23,0.413738
23,24,0.425386
23,25,0.426953
23,26,0.425386
23,27,0.413738
23,28,0.384929
23,29,0.336497
23,30,0.273176
23,31,0.204287
23,32,0.140098
23,33,0.0879325
23,34,0.0505255
23,35,0.0267303
23,36,0.0129937
23,37,0.00565152
23,38,0.00211132
23,39,0.000654958
23,40,0.000165507
23,41,3.37828e-05
23,42,5.54964e-06
23,43,7.31206e-07
23,44,7.67812e-08
23,45,6.34849e-09
23,46,4.04727e-10
23,47,1.9206e-11
23,48,6.38669e-13
23,49,1.25808e-14
24,0,0
24,1,5.42814e-14
24,2,1.77509e-12
24,3,4.15833e-11
24,4,7.39263e-10
24,5,1.029e-08
24,6,1.14074e-07
24,7,1.01638e-06
24,8,7.31184e-06
24,9,4.25685e-05
24,10,0.000200908
24,11,0.000771315
24,12,0.0024296
24,13,0.00639891
24,14,0.0145585
24,15,0.0297604
24,16,0.0560307
24,17,0.0970453
24,18,0.153342
24,19,0.221461
24,20,0.293439
24,21,0.357165
24,22,0.402586
24,23,0.425386
24,24,0.429016
24,25,0.424901
24,26,0.429016
24,27,0.425386
24,28,0.402586
24,29,0.357165
24,30,0.293439
24,31,0.221461
24,32,0.153342
24,33,0.0970453
24,34,0.0560307
24,35,0.0297604
24,36,0.0145585
24,37,0.00639891
24,38,0.0024296
24,39,0.000771315
24,40,0.000200908
24,41,4.25685e-05
24,42,7.31184e-06
24,43,1.01638e-06
24,44,1.14074e-07
24,45,1.029e-08
24,46,7.39263e-10
24,47,4.15833e-11
24,48,1.77508e-12
24,49,5.48998e-14
25,0,0
25,1,8.71467e-14
25,2,2.44429e-12
25,3,5.27282e-11
25,4,8.92749e-10
25,5,1.20152e-08
25,6,1.29733e-07
25,7,1.13108e-06
25,8,7.99389e-06
25,9,4.58826e-05
25,10,0.00021409
25,11,0.00081415
25,12,0.00254421
25,13,0.00666226
25,14,0.0151174
25,15,0.0308775
25,16,0.0580016
25,17,0.100096
25,18,0.157871
25,19,0.227637
25,20,0.300317
25,21,0.363784
25,22,0.40767
25,23,0.426953
25,24,0.424901
25,25,0.411112
25,26,0.424901
25,27,0.426953
25,28,0.40767
25,29,0.363784
25,30,0.300317
25,31,0.227637
25,32,0.157871
25,33,0.100096
25,34,0.0580016
25,35,0.0308775
25,36,0.0151174
25,37,0.00666226
25,38,0.00254421
25,39,0.00081415
25,40,0.00021409
25,41,4.58826e-05
25,42,7.99389e-06
25,43,1.13108e-06
25,44,1.29733e-07
25,45,1.20152e-08
25,46,8.92749e-10
25,47,5.27282e-11
25,48,2.44439e-12
25,49,9.22709e-14
26,0,0
26,1,5.42814e-14
26,2,1.77509e-12
26,3,4.15833e-11
26,4,7.39263e-10
26,5,1.029e-08
26,6,1.14074e-07
26,7,1.01638e-06
26,8,7.31184e-06
26,9,4.25685e-05
26,10,0.000200908
26,11,0.000771315
26,12,0.0024296
26,13,0.00639891
26,14,0.0145585
26,15,0.0297604
26,16,0.0560307
26,17,0.0970453
26,18,0.153342
26,19,0.221461
26,20,0.293439
26,21,0.357165
26,22,0.402586
26,23,0.425386
26,24,0.429016
26,25,0.424901
26,26,0.429016
26,27,0.425386
26,28,0.402586
26,29,0.357165
26,30,0.293439
26,31,0.221461
26,32,0.153342
26,33,0.0970453
26,34,0.0560307
26,35,0.0297604
26,36,0.0145585
26,37,0.00639891
26,38,0.0024296
26,39,0.000771315
26,40,0.000200908
26,41,4.25685e-05
26,42,7.31184e-06
26,43,1.01638e-06
26,44,1.14074e-07
26,45,1.029e-08
26,46,7.39263e-10
26,47,4.15833e-11
26,48,1.77508e-12
26,49,5.48998e-14
27,0,0
27,1,1.32696e-14
27,2,6.38679e-13
27,3,1.9206e-11
27,4,4.04727e-10
27,5,6.34849e-09
27,6,7.67812e-08
27,7,7.31207e-07
27,8,5.54964e-06
27,9,3.37828e-05
27,10,0.000165507
27,11,0.000654958
27,12,0.00211132
27,13,0.00565152
27,14,0.0129937
27,15,0.0267303
27,16,0.0505255
27,17,0.0879325
27,18,0.140098
27,19,0.204287
27,20,0.273176
27,21,0.336497
27,22,0.384929
27,23,0.413738
27,24,0.425386
27,25,0.426953
27,26,0.425386
27,27,0.413738
27,28,0.384929
27,29,0.336497
27,30,0.273176
27,31,0.204287
27,32,0.140098
27,33,0.0879325
27,34,0.0505255
27,35,0.0267303
27,36,0.0129937
27,37,0.00565152
27,38,0.00211132
27,39,0.000654958
27,40,0.000165507
27,41,3.37828e-05
27,42,5.54964e-06
27,43,7.31206e-07
27,44,7.67812e-08
27,45,6.34849e-09
27,46,4.04727e-10
27,47,1.9206e-11
27,48,6.38669e-13
27,49,1.25808e-14
28,0,0
28,1,1.07895e-15
28,2,1.06156e-13
28,3,4.84798e-12
28,4,1.36474e-10
28,5,2.65239e-09
28,6,3.77731e-08
28,7,4.08285e-07
28,8,3.42341e-06
28,9,2.25739e-05
28,10,0.000118084
28,11,0.000493342
28,12,0.0016609
28,13,0.00458519
28,14,0.010726
28,15,0.022254
28,16,0.0424302
28,17,0.0746523
28,18,0.120098
28,19,0.177102
28,20,0.240555
28,21,0.301288
28,22,0.351092
28,23,0.384929
28,24,0.402586
28,25,0.40767
28,26,0.402586
28,27,0.384929
28,28,0.351092
28,29,0.301288
28,30,0.240555
28,31,0.177102
28,32,0.120098
28,33,0.0746523
28,34,0.0424302
28,35,0.022254
28,36,0.010726
28,37,0.00458519
28,38,0.0016609
28,39,0.000493342
28,40,0.000118084
28,41,2.25739e-05
28,42,3.42341e-06
28,43,4.08285e-07
28,44,3.77731e-08
28,45,2.65239e-09
28,46,1.36474e-10
28,47,4.84798e-12
28,48,1.06156e-13
28,49,9.59067e-16
29,0,0
29,1,0
29,2,6.47371e-15
29,3,6.10399e-13
29,4,2.65066e-11
29,5,7.03e-10
29,6,1.2734e-08
29,7,1.66934e-07
29,8,1.63807e-06
29,9,1.22839e-05
29,10,7.13532e-05
29,11,0.000324354
29,12,0.00116705
29,13,0.00338526
29,14,0.0081749
29,15,0.017219
29,16,0.0330594
29,17,0.058807
29,18,0.0961908
29,19,0.144059
29,20,0.198665
29,21,0.253594
29,22,0.301288
29,23,0.336497
29,24,0.357165
29,25,0.363784
29,26,0.357165
29,27,0.336497
29,28,0.301288
29,29,0.253594
29,30,0.198665
29,31,0.144059
29,32,0.0961908
29,33,0.058807
29,34,0.0330594
29,35,0.017219
29,36,0.0081749
29,37,0.00338526
29,38,0.00116705
29,39,0.000324354
29,40,7.13532e-05
29,41,1.22839e-05
29,42,1.63807e-06
29,43,1.66934e-07
29,44,1.2734e-08
29,45,7.02999e-10
29,46,2.65066e-11
29,47,6.10399e-13
29,48,6.47371e-15
29,49,0
30,0,0
30,1,0
30,2,0
30,3,2.9779e-14
30,4,2.68576e-12
30,5,1.10899e-10
30,6,2.77708e-09
30,7,4.7099e-08
30,8,5.72353e-07
30,9,5.14507e-06
30,10,3.48657e-05
30,11,0.000180287
30,12,0.000719086
30,13,0.00224924
30,14,0.0056955
30,15,0.0123002
30,16,0.0239466
30,17,0.0430865
30,18,0.0713828
30,19,0.108786
30,20,0.152926
30,21,0.198665
30,22,0.240555
30,23,0.273176
30,24,0.293439
30,25,0.300317
30,26,0.293439
30,27,0.273176
30,28,0.240555
30,29,0.198665
30,30,0.152926
30,31,0.108786
30,32,0.0713828
30,33,0.0430865
30,34,0.0239466
30,35,0.0123002
30,36,0.0056955
30,37,0.00224924
30,38,0.000719086
30,39,0.000180287
30,40,3.48657e-05
30,41,5.14507e-06
30,42,5.72353e-07
30,43,4.7099e-08
30,44,2.77708e-09
30,45,1.10899e-10
30,46,2.68576e-12
30,47,2.9779e-14
30,48,0
30,49,0
31,0,0
31,1,0
31,2,0
31,3,0
31,4,1.0919e-13
31,5,9.40015e-12
31,6,3.6868e-10
31,7,8.71845e-09
31,8,1.38669e-07
31,9,1.56725e-06
31,10,1.29727e-05
31,11,7.99894e-05
31,12,0.000371295
31,13,0.00131175
31,14,0.00360627
31,15,0.00809344
31,16,0.0159559
31,17,0.0291594
31,18,0.0492628
31,19,0.0761058
31,20,0.108786
31,21,0.144059
31,22,0.177102
31,23,0.204287
31,24,0.221461
31,25,0.227637
31,26,0.221461
31,27,0.204287
31,28,0.177102
31,29,0.144059
31,30,0.108786
31,31,0.0761058
31,32,0.0492628
31,33,0.0291594
31,34,0.0159559
31,35,0.00809344
31,36,0.00360627
31,37,0.00131175
31,38,0.000371295
31,39,7.99894e-05
31,40,1.29727e-05
31,41,1.56725e-06
31,42,1.38669e-07
31,43,8.71845e-09
31,44,3.6868e-10
31,45,9.40015e-12
31,46,1.0919e-13
31,47,0
31,48,0
31,49,0
32,0,0
32,1,0
32,2,0
32,3,0
32,4,0
32,5,3.27569e-13
32,6,2.68576e-11
32,7,9.98808e-10
32,8,2.22817e-08
32,9,3.32316e-07
32,10,3.49682e-06
32,11,2.672e-05
32,12,0.000150582
32,13,0.000631749
32,14,0.00199639
32,15,0.00489045
32,16,0.00990269
32,17,0.0181064
32,18,0.0311429
32,19,0.0492628
32,20,0.0713828
32,21,0.0961908
32,22,0.120098
32,23,0.140098
32,24,0.153342
32,25,0.157871
32,26,0.153342
32,27,0.140098
32,28,0.120098
32,29,0.0961908
32,30,0.0713828
32,31,0.0492628
32,32,0.0311429
32,33,0.0181064
32,34,0.00990269
32,35,0.00489045
32,36,0.00199639
32,37,0.000631749
32,38,0.000150582
32,39,2.672e-05
32,40,3.49682e-06
32,41,3.32316e-07
32,42,2.22817e-08
32,43,9.98808e-10
32,44,2.68576e-11
32,45,3.27569e-13
32,46,0
32,47,0
32,48,0
32,49,0
33,0,0
33,1,0
33,2,0
33,3,0
33,4,0
33,5,0
33,6,8.18924e-13
33,7,6.37867e-11
33,8,2.24425e-09
33,9,4.71413e-08
33,10,6.58407e-07
33,11,6.44703e-06
33,12,4.55104e-05
33,13,0.000235026
33,14,0.000896186
33,15,0.00255904
33,16,0.00567682
33,17,0.0105742
33,18,0.0181064
33,19,0.0291594
33,20,0.0430865
33,21,0.058807
33,22,0.0746523
33,23,0.0879325
33,24,0.0970453
33,25,0.100096
33,26,0.0970453
33,27,0.0879325
33,28,0.0746523
33,29,0.058807
33,30,0.0430866
33,31,0.0291594
33,32,0.0181064
33,33,0.0105742
33,34,0.00567682
33,35,0.00255904
33,36,0.000896186
33,37,0.000235026
33,38,4.55104e-05
33,39,6.44703e-06
33,40,6.58407e-07
33,41,4.71413e-08
33,42,2.24425e-09
33,43,6.37867e-11
33,44,8.18924e-13
33,45,0
33,46,0
33,47,0
33,48,0
33,49,0
34,0,0
34,1,0
34,2,0
34,3,0
34,4,0
34,5,0
34,6,0
34,7,1.72884e-12
34,8,1.27573e-10
34,9,4.23499e-09
34,10,8.35488e-08
34,11,1.09029e-06
34,12,9.91772e-06
34,13,6.46317e-05
34,14,0.000306204
34,15,0.00106595
34,16,0.00277814
34,17,0.00567682
34,18,0.00990269
34,19,0.0159559
34,20,0.0239466
34,21,0.0330594
34,22,0.0424302
34,23,0.0505255
34,24,0.0560307
34,25,0.0580016
34,26,0.0560307
34,27,0.0505255
34,28,0.0424302
34,29,0.0330594
34,30,0.0239466
34,31,0.0159559
34,32,0.00990269
34,33,0.00567682
34,34,0.00277814
34,35,0.00106595
34,36,0.000306204
34,37,6.46317e-05
34,38,9.91772e-06
34,39,1.09029e-06
34,40,8.35488e-08
34,41,4.23499e-09
34,42,1.27573e-10
34,43,1.72884e-12
34,44,0
34,45,0
34,46,0
34,47,0
34,48,0
34,49,0
35,0,0
35,1,0
35,2,0
35,3,0
35,4,0
35,5,0
35,6,0
35,7,0
35,8,3.11191e-12
35,9,2.16875e-10
35,10,6.77139e-09
35,11,1.25067e-07
35,12,1.52026e-06
35,13,1.28114e-05
35,14,7.69264e-05
35,15,0.000334293
35,16,0.00106595
35,17,0.00255904
35,18,0.00489045
35,19,0.00809344
35,20,0.0123002
35,21,0.017219
35,22,0.022254
35,23,0.0267303
35,24,0.0297604
35,25,0.0308775
35,26,0.0297604
35,27,0.0267303
35,28,0.022254
35,29,0.017219
35,30,0.0123002
35,31,0.00809344
35,32,0.00489045
35,33,0.00255904
35,34,0.00106595
35,35,0.000334293
35,36,7.69264e-05
35,37,1.28114e-05
35,38,1.52026e-06
35,39,1.25067e-07
35,40,6.77139e-09
35,41,2.16875e-10
35,42,3.11191e-12
35,43,0
35,44,0
35,45,0
35,46,0
35,47,0
35,48,0
35,49,0
36,0,0
36,1,0
36,2,0
36,3,0
36,4,0
36,5,0
36,6,0
36,7,0
36,8,0
36,9,4.80931e-12
36,10,3.15454e-10
36,11,9.22978e-09
36,12,1.5899e-07
36,13,1.79318e-06
36,14,1.39472e-05
36,15,7.69264e-05
36,16,0.000306204
36,17,0.000896186
36,18,0.00199639
36,19,0.00360627
36,20,0.0056955
36,21,0.0081749
36,22,0.010726
36,23,0.0129937
36,24,0.0145585
36,25,0.0151174
36,26,0.0145585
36,27,0.0129937
36,28,0.010726
36,29,0.0081749
36,30,0.0056955
36,31,0.00360627
36,32,0.00199639
36,33,0.000896186
36,34,0.000306204
36,35,7.69264e-05
36,36,1.39473e-05
36,37,1.79318e-06
36,38,1.5899e-07
36,39,9.22978e-09
36,40,3.15454e-10
36,41,4.80931e-12
36,42,0
36,43,0
36,44,0
36,45,0
36,46,0
36,47,0
36,48,0
36,49,0
37,0,0
37,1,0
37,2,0
37,3,0
37,4,0
37,5,0
37,6,0
37,7,0
37,8,0
37,9,0
37,10,6.41242e-12
37,11,3.94318e-10
37,12,1.07659e-08
37,13,1.72173e-07
37,14,1.79318e-06
37,15,1.28114e-05
37,16,6.46317e-05
37,17,0.000235026
37,18,0.000631749
37,19,0.00131175
37,20,0.00224924
37,21,0.00338526
37,22,0.00458519
37,23,0.00565152
37,24,0.00639891
37,25,0.00666226
37,26,0.00639891
37,27,0.00565152
37,28,0.00458519
37,29,0.00338526
37,30,0.00224924
37,31,0.00131175
37,32,0.000631749
37,33,0.000235026
37,34,6.46317e-05
37,35,1.28114e-05
37,36,1.79318e-06
37,37,1.72173e-07
37,38,1.07659e-08
37,39,3.94318e-10
37,40,6.41242e-12
37,41,0
37,42,0
37,43,0
37,44,0
37,45,0
37,46,0
37,47,0
37,48,0
37,49,0
38,0,0
38,1,0
38,2,0
38,3,0
38,4,0
38,5,0
38,6,0
38,7,0
38,8,0
38,9,0
38,10,0
38,11,7.39895e-12
38,12,4.2465e-10
38,13,1.07659e-08
38,14,1.5899e-07
38,15,1.52026e-06
38,16,9.91772e-06
38,17,4.55104e-05
38,18,0.000150582
38,19,0.000371295
38,20,0.000719086
38,21,0.00116705
38,22,0.0016609
38,23,0.00211132
38,24,0.0024296
38,25,0.00254421
38,26,0.0024296
38,27,0.00211132
38,28,0.0016609
38,29,0.00116705
38,30,0.000719086
38,31,0.000371295
38,32,0.000150582
38,33,4.55104e-05
38,34,9.91772e-06
38,35,1.52026e-06
38,36,1.5899e-07
38,37,1.07659e-08
38,38,4.2465e-10
38,39,7.39895e-12
38,40,0
38,41,0
38,42,0
38,43,0
38,44,0
38,45,0
38,46,0
38,47,0
38,48,0
38,49,0
39,0,0
39,1,0
39,2,0
39,3,0
39,4,0
39,5,0
39,6,0
39,7,0
39,8,0
39,9,0
39,10,0
39,11,0
39,12,7.39895e-12
39,13,3.94318e-10
39,14,9.22978e-09
39,15,1.25067e-07
39,16,1.09029e-06
39,17,6.44703e-06
39,18,2.672e-05
39,19,7.99894e-05
39,20,0.000180287
39,21,0.000324354
39,22,0.000493342
39,23,0.000654958
39,24,0.000771314
39,25,0.00081415
39,26,0.000771315
39,27,0.000654958
39,28,0.000493342
39,29,0.000324354
39,30,0.000180287
39,31,7.99894e-05
39,32,2.672e-05
39,33,6.44703e-06
39,34,1.09029e-06
39,35,1.25067e-07
39,36,9.22978e-09
39,37,3.94318e-10
39,38,7.39895e-12
39,39,0
39,40,0
39,41,0
39,42,0
39,43,0
39,44,0
39,45,0
39,46,0
39,47,0
39,48,0
39,49,0
40,0,0
40,1,0
40,2,0
40,3,0
40,4,0
40,5,0
40,6,0
40,7,0
40,8,0
40,9,0
40,10,0
40,11,0
40,12,0
40,13,6.41242e-12
40,14,3.15454e-10
40,15,6.77139e-09
40,16,8.35488e-08
40,17,6.58407e-07
40,18,3.49682e-06
40,19,1.29727e-05
40,20,3.48657e-05
40,21,7.13532e-05
40,22,0.000118084
40,23,0.000165507
40,24,0.000200908
40,25,0.00021409
40,26,0.000200908
40,27,0.000165507
40,28,0.000118084
40,29,7.13532e-05
40,30,3.48657e-05
40,31,1.29727e-05
40,32,3.49682e-06
40,33,6.58407e-07
40,34,8.35488e-08
40,35,6.77139e-09
40,36,3.15454e-10
40,37,6.41242e-12
40,38,0
40,39,0
40,40,0
40,41,0
40,42,0
40,43,0
40,44,0
40,45,0
40,46,0
40,47,0
40,48,0
40,49,0
41,0,0
41,1,0
41,2,0
41,3,0
41,4,0
41,5,0
41,6,0
41,7,0
41,8,0
41,9,0
41,10,0
41,11,0
41,12,0
41,13,0
41,14,4.80931e-12
41,15,2.16875e-10
41,16,4.23499e-09
41,17,4.71413e-08
41,18,3.32316e-07
41,19,1.56725e-06
41,20,5.14507e-06
41,21,1.22839e-05
41,22,2.25739e-05
41,23,3.37828e-05
41,24,4.25685e-05
41,25,4.58826e-05
41,26,4.25685e-05
41,27,3.37828e-05
41,28,2.25739e-05
41,29,1.22839e-05
41,30,5.14507e-06
41,31,1.56725e-06
41,32,3.32316e-07
41,33,4.71413e-08
41,34,4.23498e-09
41,35,2.16875e-10
41,36,4.80931e-12
41,37,0
41,38,0
41,39,0
41,40,0
41,41,0
41,42,0
41,43,0
41,44,0
41,45,0
41,46,0
41,47,0
41,48,0
41,49,0
42,0,0
42,1,0
42,2,0
42,3,0
42,4,0
42,5,0
42,6,0
42,7,0
42,8,0
42,9,0
42,10,0
42,11,0
42,12,0
42,13,0
42,14,0
42,15,3.11191e-12
42,16,1.27573e-10
42,17,2.24425e-09
42,18,2.22817e-08
42,19,1.38669e-07
42,20,5.72353e-07
42,21,1.63807e-06
42,22,3.42341e-06
42,23,5.54964e-06
42,24,7.31184e-06
42,25,7.99389e-06
42,26,7.31184e-06
42,27,5.54964e-06
42,28,3.42341e-06
42,29,1.63807e-06
42,30,5.72353e-07
42,31,1.38669e-07
42,32,2.22817e-08
42,33,2.24425e-09
42,34,1.27574e-10
42,35,3.11191e-12
42,36,0
42,37,0
42,38,0
42,39,0
42,40,0
42,41,0
42,42,0
42,43,0
42,44,0
42,45,0
42,46,0
42,47,0
42,48,0
42,49,0
43,0,0
43,1,0
43,2,0
43,3,0
43,4,0
43,5,0
43,6,0
43,7,0
43,8,0
43,9,0
43,10,0
43,11,0
43,12,0
43,13,0
43,14,0
43,15,0
43,16,1.72884e-12
43,17,6.37867e-11
43,18,9.98808e-10
43,19,8.71845e-09
43,20,4.7099e-08
43,21,1.66934e-07
43,22,4.08285e-07
43,23,7.31206e-07
43,24,1.01638e-06
43,25,1.13108e-06
43,26,1.01638e-06
43,27,7.31206e-07
43,28,4.08285e-07
43,29,1.66934e-07
43,30,4.7099e-08
43,31,8.71845e-09
43,32,9.98808e-10
43,33,6.37867e-11
43,34,1.72884e-12
43,35,0
43,36,0
43,37,0
43,38,0
43,39,0
43,40,0
43,41,0
43,42,0
43,43,0
43,44,0
43,45,0
43,46,0
43,47,0
43,48,0
43,49,0
44,0,0
44,1,0
44,2,0
44,3,0
44,4,0
44,5,0
44,6,0
44,7,0
44,8,0
44,9,0
44,10,0
44,11,0
44,12,0
44,13,0
44,14,0
44,15,0
44,16,0
44,17,8.18924e-13
44,18,2.68576e-11
44,19,3.6868e-10
44,20,2.77708e-09
44,21,1.2734e-08
44,22,3.77731e-08
44,23,7.67812e-08
44,24,1.14074e-07
44,25,1.29733e-07
44,26,1.14074e-07
44,27,7.67812e-08
44,28,3.77731e-08
44,29,1.2734e-08
44,30,2.77708e-09
44,31,3.6868e-10
44,32,2.68576e-11
44,33,8.18924e-13
44,34,0
44,35,0
44,36,0
44,37,0
44,38,0
44,39,0
44,40,0
44,41,0
44,42,0
44,43,0
44,44,0
44,45,0
44,46,0
44,47,0
44,48,0
44,49,0
45,0,0
45,1,0
45,2,0
45,3,0
45,4,0
45,5,0
45,6,0
45,7,0
45,8,0
45,9,0
45,10,0
45,11,0
45,12,0
45,13,0
45,14,0
45,15,0
45,16,0
45,17,0
45,18,3.27569e-13
45,19,9.40015e-12
45,20,1.10899e-10
45,21,7.03e-10
45,22,2.65239e-09
45,23,6.34849e-09
45,24,1.029e-08
45,25,1.20152e-08
45,26,1.029e-08
45,27,6.34849e-09
45,28,2.65239e-09
45,29,7.03e-10
45,30,1.10899e-10
45,31,9.40015e-12
45,32,3.27569e-13
45,33,0
45,34,0
45,35,0
45,36,0
45,37,0
45,38,0
45,39,0
45,40,0
45,41,0
45,42,0
45,43,0
45,44,0
45,45,0
45,46,0
45,47,0
45,48,0
45,49,0
46,0,0
46,1,0
46,2,0
46,3,0
46,4,0
46,5,0
46,6,0
46,7,0
46,8,0
46,9,0
46,10,0
46,11,0
46,12,0
46,13,0
46,14,0
46,15,0
46,16,0
46,17,0
46,18,0
46,19,1.0919e-13
46,20,2.68576e-12
46,21,2.65066e-11
46,22,1.36474e-10
46,23,4.04727e-10
46,24,7.39263e-10
46,25,8.92749e-10
46,26,7.39263e-10
46,27,4.04727e-10
46,28,1.36474e-10
46,29,2.65066e-11
46,30,2.68576e-12
46,31,1.0919e-13
46,32,0
46,33,0
46,34,0
46,35,0
46,36,0
46,37,0
46,38,0
46,39,0
46,40,0
46,41,0
46,42,0
46,43,0
46,44,0
46,45,0
46,46,0
46,47,0
46,48,0
46,49,0
47,0,0
47,1,0
47,2,0
47,3,0
47,4,0
47,5,0
47,6,0
47,7,0
47,8,0
47,9,0
47,10,0
47,11,0
47,12,0
47,13,0
47,14,0
47,15,0
47,16,0
47,17,0
47,18,0
47,19,0
47,20,2.9779e-14
47,21,6.10399e-13
47,22,4.84798e-12
47,23,1.9206e-11
47,24,4.15833e-11
47,25,5.27282e-11
47,26,4.15833e-11
47,27,1.9206e-11
47,28,4.84798e-12
47,29,6.10399e-13
47,30,2.9779e-14
47,31,0
47,32,0
47,33,0
47,34,0
47,35,0
47,36,0
47,37,0
47,38,0
47,39,0
47,40,0
47,41,0
47,42,0
47,43,0
47,44,0
47,45,0
47,46,0
47,47,0
47,48,0
47,49,0
48,0,0
48,1,0
48,2,0
48,3,0
48,4,0
48,5,0
48,6,0
48,7,0
48,8,0
48,9,0
48,10,0
48,11,0
48,12,0
48,13,0
48,14,0
48,15,0
48,16,0
48,17,0
48,18,0
48,19,0
48,20,0
48,21,6.47371e-15
48,22,1.06156e-13
48,23,6.38669e-13
48,24,1.77508e-12
48,25,2.44439e-12
48,26,1.77508e-12
48,27,6.38669e-13
48,28,1.06156e-13
48,29,6.47371e-15
48,30,0
48,31,0
48,32,0
48,33,0
48,34,0
48,35,0
48,36,0
48,37,0
48,38,0
48,39,0
48,40,0
48,41,0
48,42,0
48,43,0
48,44,0
48,45,0
48,46,0
48,47,0
48,48,0
48,49,0
49,0,0
49,1,0
49,2,0
49,3,0
49,4,0
49,5,0
49,6,0
49,7,0
49,8,0
49,9,0
49,10,0
49,11,0
49,12,0
49,13,0
49,14,0
49,15,0
49,16,0
49,17,0
49,18,0
49,19,0
49,20,0
49,21,0
49,22,9.59067e-16
49,23,1.25808e-14
49,24,5.48998e-14
49,25,9.22709e-14
49,26,5.48998e-14
49,27,1.25808e-14
49,28,9.59067e-16
49,29,0
49,30,0
49,31,0
49,32,0
49,33,0
49,34,0
49,35,0
49,36,0
49,37,0
49,38,0
49,39,0
49,40,0
49,41,0
49,42,0
49,43,0
49,44,0
49,45,0
49,46,0
49,47,0
49,48,0
49,49,0
