0,0,0
0,1,0
0,2,0
0,3,0
0,4,0
0,5,0
0,6,0
0,7,0
0,8,0
0,9,0
0,10,0
0,11,0
0,12,0
0,13,0
0,14,0
0,15,0
0,16,0
0,17,0
0,18,0
0,19,0
0,20,0
0,21,0
0,22,0
0,23,0
0,24,0
0,25,0
0,26,0
0,27,0
0,28,0
0,29,0
0,30,0
0,31,0
0,32,0
0,33,0
0,34,0
0,35,0
0,36,0
0,37,0
0,38,0
0,39,0
0,40,0
0,41,0
0,42,0
0,43,0
0,44,0
0,45,0
0,46,0
0,47,0
0,48,0
0,49,0
1,0,0
1,1,0
1,2,0
1,3,0
1,4,0
1,5,0
1,6,0
1,7,0
1,8,0
1,9,0
1,10,0
1,11,0
1,12,0
1,13,0
1,14,0
1,15,0
1,16,0
1,17,0
1,18,0
1,19,0
1,20,0
1,21,0
1,22,0
1,23,0
1,24,0
1,25,0
1,26,0
1,27,0
1,28,0
1,29,0
1,30,0
1,31,0
1,32,0
1,33,0
1,34,0
1,35,0
1,36,0
1,37,0
1,38,0
1,39,0
1,40,0
1,41,0
1,42,0
1,43,0
1,44,0
1,45,0
1,46,0
1,47,0
1,48,0
1,49,0
2,0,0
2,1,0
2,2,0
2,3,0
2,4,0
2,5,0
2,6,0
2,7,0
2,8,0
2,9,0
2,10,0
2,11,0
2,12,0
2,13,0
2,14,0
2,15,0
2,16,0
2,17,0
2,18,0
2,19,0
2,20,0
2,21,0
2,22,0
2,23,0
2,24,0
2,25,0
2,26,0
2,27,0
2,28,0
2,29,0
2,30,0
2,31,0
2,32,0
2,33,0
2,34,0
2,35,0
2,36,0
2,37,0
2,38,0
2,39,0
2,40,0
2,41,0
2,42,0
2,43,0
2,44,0
2,45,0
2,46,0
2,47,0
2,48,0
2,49,0
3,0,0
3,1,0
3,2,0
3,3,0
3,4,0
3,5,0
3,6,0
3,7,0
3,8,0
3,9,0
3,10,0
3,11,0
3,12,0
3,13,0
3,14,0
3,15,0
3,16,0
3,17,0
3,18,0
3,19,0
3,20,0
3,21,0
3,22,0
3,23,0
3,24,0
3,25,0
3,26,0
3,27,0
3,28,0
3,29,0
3,30,0
3,31,0
3,32,0
3,33,0
3,34,0
3,35,0
3,36,0
3,37,0
3,38,0
3,39,0
3,40,0
3,41,0
3,42,0
3,43,0
3,44,0
3,45,0
3,46,0
3,47,0
3,48,0
3,49,0
4,0,0
4,1,0
4,2,0
4,3,0
4,4,0
4,5,0
4,6,0
4,7,0
4,8,0
4,9,0
4,10,0
4,11,0
4,12,0
4,13,0
4,14,0
4,15,0
4,16,0
4,17,0
4,18,0
4,19,0
4,20,0
4,21,0
4,22,0
4,23,0
4,24,0
4,25,0
4,26,0
4,27,0
4,28,0
4,29,0
4,30,0
4,31,0
4,32,0
4,33,0
4,34,0
4,35,0
4,36,0
4,37,0
4,38,0
4,39,0
4,40,0
4,41,0
4,42,0
4,43,0
4,44,0
4,45,0
4,46,0
4,47,0
4,48,0
4,49,0
5,0,0
5,1,0
5,2,0
5,3,0
5,4,0
5,5,0
5,6,0
5,7,0
5,8,0
5,9,0
5,10,0
5,11,0
5,12,0
5,13,0
5,14,0
5,15,0
5,16,0
5,17,0
5,18,0
5,19,0
5,20,0
5,21,0
5,22,0
5,23,0
5,24,0
5,25,6.0436e-15
5,26,0
5,27,0
5,28,0
5,29,0
5,30,0
5,31,0
5,32,0
5,33,0
5,34,0
5,35,0
5,36,0
5,37,0
5,38,0
5,39,0
5,40,0
5,41,0
5,42,0
5,43,0
5,44,0
5,45,0
5,46,0
5,47,0
5,48,0
5,49,0
6,0,0
6,1,0
6,2,0
6,3,0
6,4,0
6,5,0
6,6,0
6,7,0
6,8,0
6,9,0
6,10,0
6,11,0
6,12,0
6,13,0
6,14,0
6,15,0
6,16,0
6,17,0
6,18,0
6,19,0
6,20,0
6,21,0
6,22,0
6,23,0
6,24,1.20872e-13
6,25,4.99728e-13
6,26,1.20872e-13
6,27,0
6,28,0
6,29,0
6,30,0
6,31,0
6,32,0
6,33,0
6,34,0
6,35,0
6,36,0
6,37,0
6,38,0
6,39,0
6,40,0
6,41,0
6,42,0
6,43,0
6,44,0
6,45,0
6,46,0
6,47,0
6,48,0
6,49,0
7,0,0
7,1,0
7,2,0
7,3,0
7,4,0
7,5,0
7,6,0
7,7,0
7,8,0
7,9,0
7,10,0
7,11,0
7,12,0
7,13,0
7,14,0
7,15,0
7,16,0
7,17,0
7,18,0
7,19,0
7,20,0
7,21,0
7,22,0
7,23,1.14828e-12
7,24,9.49483e-12
7,25,2.03607e-11
7,26,9.49483e-12
7,27,1.14828e-12
7,28,0
7,29,0
7,30,0
7,31,0
7,32,0
7,33,0
7,34,0
7,35,0
7,36,0
7,37,0
7,38,0
7,39,0
7,40,0
7,41,0
7,42,0
7,43,0
7,44,0
7,45,0
7,46,0
7,47,0
7,48,0
7,49,0
8,0,0
8,1,0
8,2,0
8,3,0
8,4,0
8,5,0
8,6,0
8,7,0
8,8,0
8,9,0
8,10,0
8,11,0
8,12,0
8,13,0
8,14,0
8,15,0
8,16,0
8,17,0
8,18,0
8,19,0
8,20,0
8,21,0
8,22,6.8897e-12
8,23,8.54535e-11
8,24,3.45944e-10
8,25,5.42323e-10
8,26,3.45944e-10
8,27,8.54535e-11
8,28,6.8897e-12
8,29,0
8,30,0
8,31,0
8,32,0
8,33,0
8,34,0
8,35,0
8,36,0
8,37,0
8,38,0
8,39,0
8,40,0
8,41,0
8,42,0
8,43,0
8,44,0
8,45,0
8,46,0
8,47,0
8,48,0
8,49,0
9,0,0
9,1,0
9,2,0
9,3,0
9,4,0
9,5,0
9,6,0
9,7,0
9,8,0
9,9,0
9,10,0
9,11,0
9,12,0
9,13,0
9,14,0
9,15,0
9,16,0
9,17,0
9,18,0
9,19,0
9,20,0
9,21,2.92812e-11
9,22,4.84236e-10
9,23,2.88311e-09
9,24,7.77628e-09
9,25,1.04079e-08
9,26,7.77628e-09
9,27,2.88311e-09
9,28,4.84236e-10
9,29,2.92812e-11
9,30,0
9,31,0
9,32,0
9,33,0
9,34,0
9,35,0
9,36,0
9,37,0
9,38,0
9,39,0
9,40,0
9,41,0
9,42,0
9,43,0
9,44,0
9,45,0
9,46,0
9,47,0
9,48,0
9,49,0
10,0,0
10,1,0
10,2,0
10,3,0
10,4,0
10,5,0
10,6,0
10,7,0
10,8,0
10,9,0
10,10,0
10,11,0
10,12,0
10,13,0
10,14,0
10,15,0
10,16,0
10,17,0
10,18,0
10,19,0
10,20,9.37e-11
10,21,1.93695e-09
10,22,1.52273e-08
10,23,5.84218e-08
10,24,1.20743e-07
10,25,1.49244e-07
10,26,1.20743e-07
10,27,5.84218e-08
10,28,1.52273e-08
10,29,1.93695e-09
10,30,9.37e-11
10,31,0
10,32,0
10,33,0
10,34,0
10,35,0
10,36,0
10,37,0
10,38,0
10,39,0
10,40,0
10,41,0
10,42,0
10,43,0
10,44,0
10,45,0
10,46,0
10,47,0
10,48,0
10,49,0
11,0,0
11,1,0
11,2,0
11,3,0
11,4,0
11,5,0
11,6,0
11,7,0
11,8,0
11,9,0
11,10,0
11,11,0
11,12,0
11,13,0
11,14,0
11,15,0
11,16,0
11,17,0
11,18,0
11,19,2.3425e-10
11,20,5.81084e-09
11,21,5.67803e-08
11,22,2.82908e-07
11,23,7.94252e-07
11,24,1.37011e-06
11,25,1.62104e-06
11,26,1.37011e-06
11,27,7.94252e-07
11,28,2.82908e-07
11,29,5.67803e-08
11,30,5.81084e-09
11,31,2.3425e-10
11,32,0
11,33,0
11,34,0
11,35,0
11,36,0
11,37,0
11,38,0
11,39,0
11,40,0
11,41,0
11,42,0
11,43,0
11,44,0
11,45,0
11,46,0
11,47,0
11,48,0
11,49,0
12,0,0
12,1,0
12,2,0
12,3,0
12,4,0
12,5,0
12,6,0
12,7,0
12,8,0
12,9,0
12,10,0
12,11,0
12,12,0
12,13,0
12,14,0
12,15,0
12,16,0
12,17,0
12,18,4.685e-10
12,19,1.35586e-08
12,20,1.58423e-07
12,21,9.71778e-07
12,22,3.45676e-06
12,23,7.66886e-06
12,24,1.16957e-05
12,25,1.34201e-05
12,26,1.16957e-05
12,27,7.66886e-06
12,28,3.45676e-06
12,29,9.71778e-07
12,30,1.58423e-07
12,31,1.35586e-08
12,32,4.685e-10
12,33,0
12,34,0
12,35,0
12,36,0
12,37,0
12,38,0
12,39,0
12,40,0
12,41,0
12,42,0
12,43,0
12,44,0
12,45,0
12,46,0
12,47,0
12,48,0
12,49,0
13,0,0
13,1,0
13,2,0
13,3,0
13,4,0
13,5,0
13,6,0
13,7,0
13,8,0
13,9,0
13,10,0
13,11,0
13,12,0
13,13,0
13,14,0
13,15,0
13,16,0
13,17,7.61312e-10
13,18,2.51803e-08
13,19,3.42468e-07
13,20,2.49718e-06
13,21,1.07764e-05
13,22,2.93036e-05
13,23,5.43476e-05
13,24,7.61357e-05
13,25,8.5066e-05
13,26,7.61357e-05
13,27,5.43476e-05
13,28,2.93036e-05
13,29,1.07764e-05
13,30,2.49718e-06
13,31,3.42468e-07
13,32,2.51803e-08
13,33,7.61312e-10
13,34,0
13,35,0
13,36,0
13,37,0
13,38,0
13,39,0
13,40,0
13,41,0
13,42,0
13,43,0
13,44,0
13,45,0
13,46,0
13,47,0
13,48,0
13,49,0
14,0,0
14,1,0
14,2,0
14,3,0
14,4,0
14,5,0
14,6,0
14,7,0
14,8,0
14,9,0
14,10,0
14,11,0
14,12,0
14,13,0
14,14,0
14,15,0
14,16,1.01508e-09
14,17,3.77704e-08
14,18,5.86252e-07
14,19,4.95756e-06
14,20,2.51998e-05
14,21,8.1391e-05
14,22,0.000177742
14,23,0.000288662
14,24,0.000380316
14,25,0.000415229
14,26,0.000380316
14,27,0.000288662
14,28,0.000177742
14,29,8.1391e-05
14,30,2.51998e-05
14,31,4.95756e-06
14,32,5.86252e-07
14,33,3.77704e-08
14,34,1.01508e-09
14,35,0
14,36,0
14,37,0
14,38,0
14,39,0
14,40,0
14,41,0
14,42,0
14,43,0
14,44,0
14,45,0
14,46,0
14,47,0
14,48,0
14,49,0
15,0,0
15,1,0
15,2,0
15,3,0
15,4,0
15,5,0
15,6,0
15,7,0
15,8,0
15,9,0
15,10,0
15,11,0
15,12,0
15,13,0
15,14,0
15,15,1.11659e-09
15,16,4.61639e-08
15,17,8.05462e-07
15,18,7.75628e-06
15,19,4.54673e-05
15,20,0.000170651
15,21,0.000430267
15,22,0.000789296
15,23,0.00116851
15,24,0.00146837
15,25,0.00157739
15,26,0.00146837
15,27,0.00116851
15,28,0.000789296
15,29,0.000430267
15,30,0.000170651
15,31,4.54673e-05
15,32,7.75628e-06
15,33,8.05462e-07
15,34,4.61639e-08
15,35,1.11659e-09
15,36,0
15,37,0
15,38,0
15,39,0
15,40,0
15,41,0
15,42,0
15,43,0
15,44,0
15,45,0
15,46,0
15,47,0
15,48,0
15,49,0
16,0,0
16,1,0
16,2,0
16,3,0
16,4,0
16,5,0
16,6,0
16,7,0
16,8,0
16,9,0
16,10,0
16,11,0
16,12,0
16,13,0
16,14,1.01508e-09
16,15,4.61639e-08
16,16,8.94732e-07
16,17,9.67542e-06
16,18,6.4389e-05
16,19,0.000276448
16,20,0.000794799
16,21,0.001628
16,22,0.00263854
16,23,0.00368405
16,24,0.00446917
16,25,0.00476676
16,26,0.00446917
16,27,0.00368405
16,28,0.00263854
16,29,0.001628
16,30,0.000794799
16,31,0.000276448
16,32,6.4389e-05
16,33,9.67542e-06
16,34,8.94732e-07
16,35,4.61639e-08
16,36,1.01508e-09
16,37,0
16,38,0
16,39,0
16,40,0
16,41,0
16,42,0
16,43,0
16,44,0
16,45,0
16,46,0
16,47,0
16,48,0
16,49,0
17,0,0
17,1,0
17,2,0
17,3,0
17,4,0
17,5,0
17,6,0
17,7,0
17,8,0
17,9,0
17,10,0
17,11,0
17,12,0
17,13,7.61312e-10
17,14,3.77704e-08
17,15,8.05462e-07
17,16,9.67542e-06
17,17,7.22365e-05
17,18,0.00035075
17,19,0.00114108
17,20,0.00260345
17,21,0.00457869
17,22,0.00695744
17,23,0.00940634
17,24,0.0112127
17,25,0.0119402
17,26,0.0112127
17,27,0.00940635
17,28,0.00695744
17,29,0.00457869
17,30,0.00260345
17,31,0.00114108
17,32,0.00035075
17,33,7.22365e-05
17,34,9.67542e-06
17,35,8.05462e-07
17,36,3.77704e-08
17,37,7.61312e-10
17,38,0
17,39,0
17,40,0
17,41,0
17,42,0
17,43,0
17,44,0
17,45,0
17,46,0
17,47,0
17,48,0
17,49,0
18,0,0
18,1,0
18,2,0
18,3,0
18,4,0
18,5,0
18,6,0
18,7,0
18,8,0
18,9,0
18,10,0
18,11,0
18,12,4.685e-10
18,13,2.51803e-08
18,14,5.86252e-07
18,15,7.75628e-06
18,16,6.4389e-05
18,17,0.00035075
18,18,0.00128593
18,19,0.00328005
18,20,0.00629498
18,21,0.010336
18,22,0.0155123
18,23,0.0207053
18,24,0.0247402
18,25,0.0262748
18,26,0.0247402
18,27,0.0207053
18,28,0.0155123
18,29,0.010336
18,30,0.00629498
18,31,0.00328005
18,32,0.00128593
18,33,0.00035075
18,34,6.4389e-05
18,35,7.75628e-06
18,36,5.86252e-07
18,37,2.51803e-08
18,38,4.685e-10
18,39,0
18,40,0
18,41,0
18,42,0
18,43,0
18,44,0
18,45,0
18,46,0
18,47,0
18,48,0
18,49,0
19,0,0
19,1,0
19,2,0
19,3,0
19,4,0
19,5,0
19,6,0
19,7,0
19,8,0
19,9,0
19,10,0
19,11,2.3425e-10
19,12,1.35586e-08
19,13,3.42468e-07
19,14,4.95756e-06
19,15,4.54673e-05
19,16,0.000276448
19,17,0.00114108
19,18,0.00328005
19,19,0.00698497
19,20,0.0124818
19,21,0.020709
19,22,0.0311524
19,23,0.0417039
19,24,0.0501993
19,25,0.0532207
19,26,0.0501993
19,27,0.0417039
19,28,0.0311524
19,29,0.020709
19,30,0.0124818
19,31,0.00698497
19,32,0.00328005
19,33,0.00114108
19,34,0.000276448
19,35,4.54673e-05
19,36,4.95756e-06
19,37,3.42468e-07
19,38,1.35586e-08
19,39,2.3425e-10
19,40,0
19,41,0
19,42,0
19,43,0
19,44,0
19,45,0
19,46,0
19,47,0
19,48,0
19,49,0
20,0,0
20,1,0
20,2,0
20,3,0
20,4,0
20,5,0
20,6,0
20,7,0
20,8,0
20,9,0
20,10,9.37e-11
20,11,5.81084e-09
20,12,1.58423e-07
20,13,2.49718e-06
20,14,2.51998e-05
20,15,0.000170651
20,16,0.000794799
20,17,0.00260345
20,18,0.00629498
20,19,0.0124818
20,20,0.0227638
20,21,0.038342
20,22,0.0575022
20,23,0.0778458
20,24,0.0938409
20,25,0.100011
20,26,0.0938409
20,27,0.0778458
20,28,0.0575022
20,29,0.038342
20,30,0.0227638
20,31,0.0124818
20,32,0.00629498
20,33,0.00260345
20,34,0.000794799
20,35,0.000170651
20,36,2.51998e-05
20,37,2.49718e-06
20,38,1.58423e-07
20,39,5.81084e-09
20,40,9.37e-11
20,41,0
20,42,0
20,43,0
20,44,0
20,45,0
20,46,0
20,47,0
20,48,0
20,49,0
21,0,0
21,1,0
21,2,0
21,3,0
21,4,0
21,5,0
21,6,0
21,7,0
21,8,0
21,9,2.92812e-11
21,10,1.93695e-09
21,11,5.67803e-08
21,12,9.71778e-07
21,13,1.07764e-05
21,14,8.1391e-05
21,15,0.000430267
21,16,0.001628
21,17,0.00457869
21,18,0.010336
21,19,0.020709
21,20,0.038342
21,21,0.0641319
21,22,0.0969921
21,23,0.132551
21,24,0.161025
21,25,0.172891
21,26,0.161025
21,27,0.132551
21,28,0.0969921
21,29,0.0641319
21,30,0.038342
21,31,0.020709
21,32,0.010336
21,33,0.00457869
21,34,0.001628
21,35,0.000430267
21,36,8.1391e-05
21,37,1.07764e-05
21,38,9.71778e-07
21,39,5.67803e-08
21,40,1.93695e-09
21,41,2.92812e-11
21,42,0
21,43,0
21,44,0
21,45,0
21,46,0
21,47,0
21,48,0
21,49,0
22,0,0
22,1,0
22,2,0
22,3,0
22,4,0
22,5,0
22,6,0
22,7,0
22,8,6.8897e-12
22,9,4.84236e-10
22,10,1.52273e-08
22,11,2.82908e-07
22,12,3.45676e-06
22,13,2.93036e-05
22,14,0.000177742
22,15,0.000789296
22,16,0.00263854
22,17,0.00695744
22,18,0.0155123
22,19,0.0311524
22,20,0.0575022
22,21,0.0969921
22,22,0.148727
22,23,0.205911
22,24,0.255201
22,25,0.276993
22,26,0.255201
22,27,0.205911
22,28,0.148727
22,29,0.0969921
22,30,0.0575022
22,31,0.0311524
22,32,0.0155123
22,33,0.00695744
22,34,0.00263854
22,35,0.000789296
22,36,0.000177742
22,37,2.93036e-05
22,38,3.45676e-06
22,39,2.82908e-07
22,40,1.52273e-08
22,41,4.84236e-10
22,42,6.8897e-12
22,43,0
22,44,0
22,45,0
22,46,0
22,47,0
22,48,0
22,49,0
23,0,0
23,1,0
23,2,0
23,3,0
23,4,0
23,5,0
23,6,0
23,7,1.14828e-12
23,8,8.54535e-11
23,9,2.88311e-09
23,10,5.84218e-08
23,11,7.94252e-07
23,12,7.66886e-06
23,13,5.43476e-05
23,14,0.000288662
23,15,0.00116851
23,16,0.00368405
23,17,0.00940635
23,18,0.0207053
23,19,0.0417039
23,20,0.0778458
23,21,0.132551
23,22,0.205911
23,23,0.292261
23,24,0.374269
23,25,0.419001
23,26,0.374269
23,27,0.292261
23,28,0.205911
23,29,0.132551
23,30,0.0778458
23,31,0.0417039
23,32,0.0207053
23,33,0.00940635
23,34,0.00368405
23,35,0.00116851
23,36,0.000288662
23,37,5.43476e-05
23,38,7.66886e-06
23,39,7.94252e-07
23,40,5.84218e-08
23,41,2.88311e-09
23,42,8.54535e-11
23,43,1.14828e-12
23,44,0
23,45,0
23,46,0
23,47,0
23,48,0
23,49,0
24,0,0
24,1,0
24,2,0
24,3,0
24,4,0
24,5,0
24,6,1.20872e-13
24,7,9.49483e-12
24,8,3.45944e-10
24,9,7.77628e-09
24,10,1.20743e-07
24,11,1.37011e-06
24,12,1.16957e-05
24,13,7.61357e-05
24,14,0.000380316
24,15,0.00146837
24,16,0.00446917
24,17,0.0112127
24,18,0.0247402
24,19,0.0501993
24,20,0.0938409
24,21,0.161025
24,22,0.255201
24,23,0.374269
24,24,0.50868
24,25,0.620814
24,26,0.50868
24,27,0.374269
24,28,0.255201
24,29,0.161025
24,30,0.0938409
24,31,0.0501993
24,32,0.0247402
24,33,0.0112127
24,34,0.00446917
24,35,0.00146837
24,36,0.000380316
24,37,7.61357e-05
24,38,1.16957e-05
24,39,1.37011e-06
24,40,1.20743e-07
24,41,7.77628e-09
24,42,3.45944e-10
24,43,9.49483e-12
24,44,1.20872e-13
24,45,0
24,46,0
24,47,0
24,48,0
24,49,0
25,0,0
25,1,0
25,2,0
25,3,0
25,4,0
25,5,6.0436e-15
25,6,4.99728e-13
25,7,2.03607e-11
25,8,5.42323e-10
25,9,1.04079e-08
25,10,1.49244e-07
25,11,1.62104e-06
25,12,1.34201e-05
25,13,8.5066e-05
25,14,0.000415229
25,15,0.00157739
25,16,0.00476676
25,17,0.0119402
25,18,0.0262748
25,19,0.0532207
25,20,0.100011
25,21,0.172891
25,22,0.276993
25,23,0.419001
25,24,0.620814
25,25,0.986207
25,26,0.620814
25,27,0.419001
25,28,0.276993
25,29,0.172891
25,30,0.100011
25,31,0.0532207
25,32,0.0262748
25,33,0.0119402
25,34,0.00476676
25,35,0.00157739
25,36,0.000415229
25,37,8.5066e-05
25,38,1.34201e-05
25,39,1.62104e-06
25,40,1.49244e-07
25,41,1.04079e-08
25,42,5.42323e-10
25,43,2.03607e-11
25,44,4.99728e-13
25,45,6.0436e-15
25,46,0
25,47,0
25,48,0
25,49,0
26,0,0
26,1,0
26,2,0
26,3,0
26,4,0
26,5,0
26,6,1.20872e-13
26,7,9.49483e-12
26,8,3.45944e-10
26,9,7.77628e-09
26,10,1.20743e-07
26,11,1.37011e-06
26,12,1.16957e-05
26,13,7.61357e-05
26,14,0.000380316
26,15,0.00146837
26,16,0.00446917
26,17,0.0112127
26,18,0.0247402
26,19,0.0501993
26,20,0.0938409
26,21,0.161025
26,22,0.255201
26,23,0.374269
26,24,0.50868
26,25,0.620814
26,26,0.50868
26,27,0.374269
26,28,0.255201
26,29,0.161025
26,30,0.0938409
26,31,0.0501993
26,32,0.0247402
26,33,0.0112127
26,34,0.00446917
26,35,0.00146837
26,36,0.000380316
26,37,7.61357e-05
26,38,1.16957e-05
26,39,1.37011e-06
26,40,1.20743e-07
26,41,7.77628e-09
26,42,3.45944e-10
26,43,9.49483e-12
26,44,1.20872e-13
26,45,0
26,46,0
26,47,0
26,48,0
26,49,0
27,0,0
27,1,0
27,2,0
27,3,0
27,4,0
27,5,0
27,6,0
27,7,1.14828e-12
27,8,8.54535e-11
27,9,2.88311e-09
27,10,5.84218e-08
27,11,7.94252e-07
27,12,7.66886e-06
27,13,5.43476e-05
27,14,0.000288662
27,15,0.00116851
27,16,0.00368405
27,17,0.00940635
27,18,0.0207053
27,19,0.0417039
27,20,0.0778458
27,21,0.132551
27,22,0.205911
27,23,0.292261
27,24,0.374269
27,25,0.419001
27,26,0.374269
27,27,0.292261
27,28,0.205911
27,29,0.132551
27,30,0.0778458
27,31,0.0417039
27,32,0.0207053
27,33,0.00940635
27,34,0.00368405
27,35,0.00116851
27,36,0.000288662
27,37,5.43476e-05
27,38,7.66886e-06
27,39,7.94252e-07
27,40,5.84218e-08
27,41,2.88311e-09
27,42,8.54535e-11
27,43,1.14828e-12
27,44,0
27,45,0
27,46,0
27,47,0
27,48,0
27,49,0
28,0,0
28,1,0
28,2,0
28,3,0
28,4,0
28,5,0
28,6,0
28,7,0
28,8,6.8897e-12
28,9,4.84236e-10
28,10,1.52273e-08
28,11,2.82908e-07
28,12,3.45676e-06
28,13,2.93036e-05
28,14,0.000177742
28,15,0.000789296
28,16,0.00263854
28,17,0.00695744
28,18,0.0155123
28,19,0.0311524
28,20,0.0575022
28,21,0.0969921
28,22,0.148727
28,23,0.205911
28,24,0.255201
28,25,0.276993
28,26,0.255201
28,27,0.205911
28,28,0.148727
28,29,0.0969921
28,30,0.0575022
28,31,0.0311524
28,32,0.0155123
28,33,0.00695744
28,34,0.00263854
28,35,0.000789296
28,36,0.000177742
28,37,2.93036e-05
28,38,3.45676e-06
28,39,2.82908e-07
28,40,1.52273e-08
28,41,4.84236e-10
28,42,6.8897e-12
28,43,0
28,44,0
28,45,0
28,46,0
28,47,0
28,48,0
28,49,0
29,0,0
29,1,0
29,2,0
29,3,0
29,4,0
29,5,0
29,6,0
29,7,0
29,8,0
29,9,2.92812e-11
29,10,1.93695e-09
29,11,5.67803e-08
29,12,9.71778e-07
29,13,1.07764e-05
29,14,8.1391e-05
29,15,0.000430267
29,16,0.001628
29,17,0.00457869
29,18,0.010336
29,19,0.020709
29,20,0.038342
29,21,0.0641319
29,22,0.0969921
29,23,0.132551
29,24,0.161025
29,25,0.172891
29,26,0.161025
29,27,0.132551
29,28,0.0969921
29,29,0.0641319
29,30,0.038342
29,31,0.020709
29,32,0.010336
29,33,0.00457869
29,34,0.001628
29,35,0.000430267
29,36,8.1391e-05
29,37,1.07764e-05
29,38,9.71778e-07
29,39,5.67803e-08
29,40,1.93695e-09
29,41,2.92812e-11
29,42,0
29,43,0
29,44,0
29,45,0
29,46,0
29,47,0
29,48,0
29,49,0
30,0,0
30,1,0
30,2,0
30,3,0
30,4,0
30,5,0
30,6,0
30,7,0
30,8,0
30,9,0
30,10,9.37e-11
30,11,5.81084e-09
30,12,1.58423e-07
30,13,2.49718e-06
30,14,2.51998e-05
30,15,0.000170651
30,16,0.000794799
30,17,0.00260345
30,18,0.00629498
30,19,0.0124818
30,20,0.0227638
30,21,0.038342
30,22,0.0575022
30,23,0.0778458
30,24,0.0938409
30,25,0.100011
30,26,0.0938409
30,27,0.0778458
30,28,0.0575022
30,29,0.038342
30,30,0.0227638
30,31,0.0124818
30,32,0.00629498
30,33,0.00260345
30,34,0.000794799
30,35,0.000170651
30,36,2.51998e-05
30,37,2.49718e-06
30,38,1.58423e-07
30,39,5.81084e-09
30,40,9.37e-11
30,41,0
30,42,0
30,43,0
30,44,0
30,45,0
30,46,0
30,47,0
30,48,0
30,49,0
31,0,0
31,1,0
31,2,0
31,3,0
31,4,0
31,5,0
31,6,0
31,7,0
31,8,0
31,9,0
31,10,0
31,11,2.3425e-10
31,12,1.35586e-08
31,13,3.42468e-07
31,14,4.95756e-06
31,15,4.54673e-05
31,16,0.000276448
31,17,0.00114108
31,18,0.00328005
31,19,0.00698497
31,20,0.0124818
31,21,0.020709
31,22,0.0311524
31,23,0.0417039
31,24,0.0501993
31,25,0.0532207
31,26,0.0501993
31,27,0.0417039
31,28,0.0311524
31,29,0.020709
31,30,0.0124818
31,31,0.00698497
31,32,0.00328005
31,33,0.00114108
31,34,0.000276448
31,35,4.54673e-05
31,36,4.95756e-06
31,37,3.42468e-07
31,38,1.35586e-08
31,39,2.3425e-10
31,40,0
31,41,0
31,42,0
31,43,0
31,44,0
31,45,0
31,46,0
31,47,0
31,48,0
31,49,0
32,0,0
32,1,0
32,2,0
32,3,0
32,4,0
32,5,0
32,6,0
32,7,0
32,8,0
32,9,0
32,10,0
32,11,0
32,12,4.685e-10
32,13,2.51803e-08
32,14,5.86252e-07
32,15,7.75628e-06
32,16,6.4389e-05
32,17,0.00035075
32,18,0.00128593
32,19,0.00328005
32,20,0.00629498
32,21,0.010336
32,22,0.0155123
32,23,0.0207053
32,24,0.0247402
32,25,0.0262748
32,26,0.0247402
32,27,0.0207053
32,28,0.0155123
32,29,0.010336
32,30,0.00629498
32,31,0.00328005
32,32,0.00128593
32,33,0.00035075
32,34,6.4389e-05
32,35,7.75628e-06
32,36,5.86252e-07
32,37,2.51803e-08
32,38,4.685e-10
32,39,0
32,40,0
32,41,0
32,42,0
32,43,0
32,44,0
32,45,0
32,46,0
32,47,0
32,48,0
32,49,0
33,0,0
33,1,0
33,2,0
33,3,0
33,4,0
33,5,0
33,6,0
33,7,0
33,8,0
33,9,0
33,10,0
33,11,0
33,12,0
33,13,7.61312e-10
33,14,3.77704e-08
33,15,8.05462e-07
33,16,9.67542e-06
33,17,7.22365e-05
33,18,0.00035075
33,19,0.00114108
33,20,0.00260345
33,21,0.00457869
33,22,0.00695744
33,23,0.00940634
33,24,0.0112127
33,25,0.0119402
33,26,0.0112127
33,27,0.00940635
33,28,0.00695744
33,29,0.00457869
33,30,0.00260345
33,31,0.00114108
33,32,0.00035075
33,33,7.22365e-05
33,34,9.67542e-06
33,35,8.05462e-07
33,36,3.77704e-08
33,37,7.61312e-10
33,38,0
33,39,0
33,40,0
33,41,0
33,42,0
33,43,0
33,44,0
33,45,0
33,46,0
33,47,0
33,48,0
33,49,0
34,0,0
34,1,0
34,2,0
34,3,0
34,4,0
34,5,0
34,6,0
34,7,0
34,8,0
34,9,0
34,10,0
34,11,0
34,12,0
34,13,0
34,14,1.01508e-09
34,15,4.61639e-08
34,16,8.94732e-07
34,17,9.67542e-06
34,18,6.4389e-05
34,19,0.000276448
34,20,0.000794799
34,21,0.001628
34,22,0.00263854
34,23,0.00368405
34,24,0.00446917
34,25,0.00476676
34,26,0.00446917
34,27,0.00368405
34,28,0.00263854
34,29,0.001628
34,30,0.000794799
34,31,0.000276448
34,32,6.4389e-05
34,33,9.67542e-06
34,34,8.94732e-07
34,35,4.61639e-08
34,36,1.01508e-09
34,37,0
34,38,0
34,39,0
34,40,0
34,41,0
34,42,0
34,43,0
34,44,0
34,45,0
34,46,0
34,47,0
34,48,0
34,49,0
35,0,0
35,1,0
35,2,0
35,3,0
35,4,0
35,5,0
35,6,0
35,7,0
35,8,0
35,9,0
35,10,0
35,11,0
35,12,0
35,13,0
35,14,0
35,15,1.11659e-09
35,16,4.61639e-08
35,17,8.05462e-07
35,18,7.75628e-06
35,19,4.54673e-05
35,20,0.000170651
35,21,0.000430267
35,22,0.000789296
35,23,0.00116851
35,24,0.00146837
35,25,0.00157739
35,26,0.00146837
35,27,0.00116851
35,28,0.000789296
35,29,0.000430267
35,30,0.000170651
35,31,4.54673e-05
35,32,7.75628e-06
35,33,8.05462e-07
35,34,4.61639e-08
35,35,1.11659e-09
35,36,0
35,37,0
35,38,0
35,39,0
35,40,0
35,41,0
35,42,0
35,43,0
35,44,0
35,45,0
35,46,0
35,47,0
35,48,0
35,49,0
36,0,0
36,1,0
36,2,0
36,3,0
36,4,0
36,5,0
36,6,0
36,7,0
36,8,0
36,9,0
36,10,0
36,11,0
36,12,0
36,13,0
36,14,0
36,15,0
36,16,1.01508e-09
36,17,3.77704e-08
36,18,5.86252e-07
36,19,4.95756e-06
36,20,2.51998e-05
36,21,8.1391e-05
36,22,0.000177742
36,23,0.000288662
36,24,0.000380316
36,25,0.000415229
36,26,0.000380316
36,27,0.000288662
36,28,0.000177742
36,29,8.1391e-05
36,30,2.51998e-05
36,31,4.95756e-06
36,32,5.86252e-07
36,33,3.77704e-08
36,34,1.01508e-09
36,35,0
36,36,0
36,37,0
36,38,0
36,39,0
36,40,0
36,41,0
36,42,0
36,43,0
36,44,0
36,45,0
36,46,0
36,47,0
36,48,0
36,49,0
37,0,0
37,1,0
37,2,0
37,3,0
37,4,0
37,5,0
37,6,0
37,7,0
37,8,0
37,9,0
37,10,0
37,11,0
37,12,0
37,13,0
37,14,0
37,15,0
37,16,0
37,17,7.61312e-10
37,18,2.51803e-08
37,19,3.42468e-07
37,20,2.49718e-06
37,21,1.07764e-05
37,22,2.93036e-05
37,23,5.43476e-05
37,24,7.61357e-05
37,25,8.5066e-05
37,26,7.61357e-05
37,27,5.43476e-05
37,28,2.93036e-05
37,29,1.07764e-05
37,30,2.49718e-06
37,31,3.42468e-07
37,32,2.51803e-08
37,33,7.61312e-10
37,34,0
37,35,0
37,36,0
37,37,0
37,38,0
37,39,0
37,40,0
37,41,0
37,42,0
37,43,0
37,44,0
37,45,0
37,46,0
37,47,0
37,48,0
37,49,0
38,0,0
38,1,0
38,2,0
38,3,0
38,4,0
38,5,0
38,6,0
38,7,0
38,8,0
38,9,0
38,10,0
38,11,0
38,12,0
38,13,0
38,14,0
38,15,0
38,16,0
38,17,0
38,18,4.685e-10
38,19,1.35586e-08
38,20,1.58423e-07
38,21,9.71778e-07
38,22,3.45676e-06
38,23,7.66886e-06
38,24,1.16957e-05
38,25,1.34201e-05
38,26,1.16957e-05
38,27,7.66886e-06
38,28,3.45676e-06
38,29,9.71778e-07
38,30,1.58423e-07
38,31,1.35586e-08
38,32,4.685e-10
38,33,0
38,34,0
38,35,0
38,36,0
38,37,0
38,38,0
38,39,0
38,40,0
38,41,0
38,42,0
38,43,0
38,44,0
38,45,0
38,46,0
38,47,0
38,48,0
38,49,0
39,0,0
39,1,0
39,2,0
39,3,0
39,4,0
39,5,0
39,6,0
39,7,0
39,8,0
39,9,0
39,10,0
39,11,0
39,12,0
39,13,0
39,14,0
39,15,0
39,16,0
39,17,0
39,18,0
39,19,2.3425e-10
39,20,5.81084e-09
39,21,5.67803e-08
39,22,2.82908e-07
39,23,7.94252e-07
39,24,1.37011e-06
39,25,1.62104e-06
39,26,1.37011e-06
39,27,7.94252e-07
39,28,2.82908e-07
39,29,5.67803e-08
39,30,5.81084e-09
39,31,2.3425e-10
39,32,0
39,33,0
39,34,0
39,35,0
39,36,0
39,37,0
39,38,0
39,39,0
39,40,0
39,41,0
39,42,0
39,43,0
39,44,0
39,45,0
39,46,0
39,47,0
39,48,0
39,49,0
40,0,0
40,1,0
40,2,0
40,3,0
40,4,0
40,5,0
40,6,0
40,7,0
40,8,0
40,9,0
40,10,0
40,11,0
40,12,0
40,13,0
40,14,0
40,15,0
40,16,0
40,17,0
40,18,0
40,19,0
40,20,9.37e-11
40,21,1.93695e-09
40,22,1.52273e-08
40,23,5.84218e-08
40,24,1.20743e-07
40,25,1.49244e-07
40,26,1.20743e-07
40,27,5.84218e-08
40,28,1.52273e-08
40,29,1.93695e-09
40,30,9.37e-11
40,31,0
40,32,0
40,33,0
40,34,0
40,35,0
40,36,0
40,37,0
40,38,0
40,39,0
40,40,0
40,41,0
40,42,0
40,43,0
40,44,0
40,45,0
40,46,0
40,47,0
40,48,0
40,49,0
41,0,0
41,1,0
41,2,0
41,3,0
41,4,0
41,5,0
41,6,0
41,7,0
41,8,0
41,9,0
41,10,0
41,11,0
41,12,0
41,13,0
41,14,0
41,15,0
41,16,0
41,17,0
41,18,0
41,19,0
41,20,0
41,21,2.92812e-11
41,22,4.84236e-10
41,23,2.88311e-09
41,24,7.77628e-09
41,25,1.04079e-08
41,26,7.77628e-09
41,27,2.88311e-09
41,28,4.84236e-10
41,29,2.92812e-11
41,30,0
41,31,0
41,32,0
41,33,0
41,34,0
41,35,0
41,36,0
41,37,0
41,38,0
41,39,0
41,40,0
41,41,0
41,42,0
41,43,0
41,44,0
41,45,0
41,46,0
41,47,0
41,48,0
41,49,0
42,0,0
42,1,0
42,2,0
42,3,0
42,4,0
42,5,0
42,6,0
42,7,0
42,8,0
42,9,0
42,10,0
42,11,0
42,12,0
42,13,0
42,14,0
42,15,0
42,16,0
42,17,0
42,18,0
42,19,0
42,20,0
42,21,0
42,22,6.8897e-12
42,23,8.54535e-11
42,24,3.45944e-10
42,25,5.42323e-10
42,26,3.45944e-10
42,27,8.54535e-11
42,28,6.8897e-12
42,29,0
42,30,0
42,31,0
42,32,0
42,33,0
42,34,0
42,35,0
42,36,0
42,37,0
42,38,0
42,39,0
42,40,0
42,41,0
42,42,0
42,43,0
42,44,0
42,45,0
42,46,0
42,47,0
42,48,0
42,49,0
43,0,0
43,1,0
43,2,0
43,3,0
43,4,0
43,5,0
43,6,0
43,7,0
43,8,0
43,9,0
43,10,0
43,11,0
43,12,0
43,13,0
43,14,0
43,15,0
43,16,0
43,17,0
43,18,0
43,19,0
43,20,0
43,21,0
43,22,0
43,23,1.14828e-12
43,24,9.49483e-12
43,25,2.03607e-11
43,26,9.49483e-12
43,27,1.14828e-12
43,28,0
43,29,0
43,30,0
43,31,0
43,32,0
43,33,0
43,34,0
43,35,0
43,36,0
43,37,0
43,38,0
43,39,0
43,40,0
43,41,0
43,42,0
43,43,0
43,44,0
43,45,0
43,46,0
43,47,0
43,48,0
43,49,0
44,0,0
44,1,0
44,2,0
44,3,0
44,4,0
44,5,0
44,6,0
44,7,0
44,8,0
44,9,0
44,10,0
44,11,0
44,12,0
44,13,0
44,14,0
44,15,0
44,16,0
44,17,0
44,18,0
44,19,0
44,20,0
44,21,0
44,22,0
44,23,0
44,24,1.20872e-13
44,25,4.99728e-13
44,26,1.20872e-13
44,27,0
44,28,0
44,29,0
44,30,0
44,31,0
44,32,0
44,33,0
44,34,0
44,35,0
44,36,0
44,37,0
44,38,0
44,39,0
44,40,0
44,41,0
44,42,0
44,43,0
44,44,0
44,45,0
44,46,0
44,47,0
44,48,0
44,49,0
45,0,0
45,1,0
45,2,0
45,3,0
45,4,0
45,5,0
45,6,0
45,7,0
45,8,0
45,9,0
45,10,0
45,11,0
45,12,0
45,13,0
45,14,0
45,15,0
45,16,0
45,17,0
45,18,0
45,19,0
45,20,0
45,21,0
45,22,0
45,23,0
45,24,0
45,25,6.0436e-15
45,26,0
45,27,0
45,28,0
45,29,0
45,30,0
45,31,0
45,32,0
45,33,0
45,34,0
45,35,0
45,36,0
45,37,0
45,38,0
45,39,0
45,40,0
45,41,0
45,42,0
45,43,0
45,44,0
45,45,0
45,46,0
45,47,0
45,48,0
45,49,0
46,0,0
46,1,0
46,2,0
46,3,0
46,4,0
46,5,0
46,6,0
46,7,0
46,8,0
46,9,0
46,10,0
46,11,0
46,12,0
46,13,0
46,14,0
46,15,0
46,16,0
46,17,0
46,18,0
46,19,0
46,20,0
46,21,0
46,22,0
46,23,0
46,24,0
46,25,0
46,26,0
46,27,0
46,28,0
46,29,0
46,30,0
46,31,0
46,32,0
46,33,0
46,34,0
46,35,0
46,36,0
46,37,0
46,38,0
46,39,0
46,40,0
46,41,0
46,42,0
46,43,0
46,44,0
46,45,0
46,46,0
46,47,0
46,48,0
46,49,0
47,0,0
47,1,0
47,2,0
47,3,0
47,4,0
47,5,0
47,6,0
47,7,0
47,8,0
47,9,0
47,10,0
47,11,0
47,12,0
47,13,0
47,14,0
47,15,0
47,16,0
47,17,0
47,18,0
47,19,0
47,20,0
47,21,0
47,22,0
47,23,0
47,24,0
47,25,0
47,26,0
47,27,0
47,28,0
47,29,0
47,30,0
47,31,0
47,32,0
47,33,0
47,34,0
47,35,0
47,36,0
47,37,0
47,38,0
47,39,0
47,40,0
47,41,0
47,42,0
47,43,0
47,44,0
47,45,0
47,46,0
47,47,0
47,48,0
47,49,0
48,0,0
48,1,0
48,2,0
48,3,0
48,4,0
48,5,0
48,6,0
48,7,0
48,8,0
48,9,0
48,10,0
48,11,0
48,12,0
48,13,0
48,14,0
48,15,0
48,16,0
48,17,0
48,18,0
48,19,0
48,20,0
48,21,0
48,22,0
48,23,0
48,24,0
48,25,0
48,26,0
48,27,0
48,28,0
48,29,0
48,30,0
48,31,0
48,32,0
48,33,0
48,34,0
48,35,0
48,36,0
48,37,0
48,38,0
48,39,0
48,40,0
48,41,0
48,42,0
48,43,0
48,44,0
48,45,0
48,46,0
48,47,0
48,48,0
48,49,0
49,0,0
49,1,0
49,2,0
49,3,0
49,4,0
49,5,0
49,6,0
49,7,0
49,8,0
49,9,0
49,10,0
49,11,0
49,12,0
49,13,0
49,14,0
49,15,0
49,16,0
49,17,0
49,18,0
49,19,0
49,20,0
49,21,0
49,22,0
49,23,0
49,24,0
49,25,0
49,26,0
49,27,0
49,28,0
49,29,0
49,30,0
49,31,0
49,32,0
49,33,0
49,34,0
49,35,0
49,36,0
49,37,0
49,38,0
49,39,0
49,40,0
49,41,0
49,42,0
49,43,0
49,44,0
49,45,0
49,46,0
49,47,0
49,48,0
49,49,0
