0,0,0
0,1,0
0,2,0
0,3,0
0,4,0
0,5,0
0,6,0
0,7,0
0,8,0
0,9,0
0,10,0
0,11,0
0,12,0
0,13,0
0,14,0
0,15,0
0,16,0
0,17,0
0,18,0
0,19,0
0,20,0
0,21,0
0,22,0
0,23,0
0,24,0
0,25,0
0,26,0
0,27,0
0,28,0
0,29,0
0,30,0
0,31,0
0,32,0
0,33,0
0,34,0
0,35,0
0,36,0
0,37,0
0,38,0
0,39,0
0,40,0
0,41,0
0,42,0
0,43,0
0,44,0
0,45,0
0,46,0
0,47,0
0,48,0
0,49,0
1,0,0
1,1,0
1,2,0
1,3,0
1,4,0
1,5,0
1,6,0
1,7,0
1,8,0
1,9,0
1,10,0
1,11,0
1,12,0
1,13,0
1,14,0
1,15,0
1,16,0
1,17,0
1,18,0
1,19,0
1,20,0
1,21,0
1,22,0
1,23,0
1,24,0
1,25,2.36078e-17
1,26,0
1,27,0
1,28,0
1,29,0
1,30,0
1,31,0
1,32,0
1,33,0
1,34,0
1,35,0
1,36,0
1,37,0
1,38,0
1,39,0
1,40,0
1,41,0
1,42,0
1,43,0
1,44,0
1,45,0
1,46,0
1,47,0
1,48,0
1,49,0
2,0,0
2,1,0
2,2,0
2,3,0
2,4,0
2,5,0
2,6,0
2,7,0
2,8,0
2,9,0
2,10,0
2,11,0
2,12,0
2,13,0
2,14,0
2,15,0
2,16,0
2,17,0
2,18,0
2,19,0
2,20,0
2,21,0
2,22,0
2,23,0
2,24,5.66587e-16
2,25,2.32979e-15
2,26,5.66587e-16
2,27,0
2,28,0
2,29,0
2,30,0
2,31,0
2,32,0
2,33,0
2,34,0
2,35,0
2,36,0
2,37,0
2,38,0
2,39,0
2,40,0
2,41,0
2,42,0
2,43,0
2,44,0
2,45,0
2,46,0
2,47,0
2,48,0
2,49,0
3,0,0
3,1,0
3,2,0
3,3,0
3,4,0
3,5,0
3,6,0
3,7,0
3,8,0
3,9,0
3,10,0
3,11,0
3,12,0
3,13,0
3,14,0
3,15,0
3,16,0
3,17,0
3,18,0
3,19,0
3,20,0
3,21,0
3,22,0
3,23,6.51576e-15
3,24,5.35851e-14
3,25,1.15677e-13
3,26,5.35851e-14
3,27,6.51576e-15
3,28,0
3,29,0
3,30,0
3,31,0
3,32,0
3,33,0
3,34,0
3,35,0
3,36,0
3,37,0
3,38,0
3,39,0
3,40,0
3,41,0
3,42,0
3,43,0
3,44,0
3,45,0
3,46,0
3,47,0
3,48,0
3,49,0
4,0,0
4,1,0
4,2,0
4,3,0
4,4,0
4,5,0
4,6,0
4,7,0
4,8,0
4,9,0
4,10,0
4,11,0
4,12,0
4,13,0
4,14,0
4,15,0
4,16,0
4,17,0
4,18,0
4,19,0
4,20,0
4,21,0
4,22,4.77822e-14
4,23,5.89436e-13
4,24,2.40212e-12
4,25,3.82409e-12
4,26,2.40212e-12
4,27,5.89436e-13
4,28,4.77822e-14
4,29,0
4,30,0
4,31,0
4,32,0
4,33,0
4,34,0
4,35,0
4,36,0
4,37,0
4,38,0
4,39,0
4,40,0
4,41,0
4,42,0
4,43,0
4,44,0
4,45,0
4,46,0
4,47,0
4,48,0
4,49,0
5,0,0
5,1,0
5,2,0
5,3,0
5,4,0
5,5,0
5,6,0
5,7,0
5,8,0
5,9,0
5,10,0
5,11,0
5,12,0
5,13,0
5,14,0
5,15,0
5,16,0
5,17,0
5,18,0
5,19,0
5,20,0
5,21,2.50857e-13
5,22,4.12605e-12
5,23,2.47271e-11
5,24,6.79813e-11
5,25,9.26563e-11
5,26,6.79813e-11
5,27,2.47271e-11
5,28,4.12605e-12
5,29,2.50857e-13
5,30,0
5,31,0
5,32,0
5,33,0
5,34,0
5,35,0
5,36,0
5,37,0
5,38,0
5,39,0
5,40,0
5,41,0
5,42,0
5,43,0
5,44,0
5,45,0
5,46,0
5,47,0
5,48,0
5,49,0
6,0,0
6,1,0
6,2,0
6,3,0
6,4,0
6,5,0
6,6,0
6,7,0
6,8,0
6,9,0
6,10,0
6,11,0
6,12,0
6,13,0
6,14,0
6,15,0
6,16,0
6,17,0
6,18,0
6,19,0
6,20,1.00343e-12
6,21,2.06303e-11
6,22,1.63223e-10
6,23,6.39142e-10
6,24,1.36099e-09
6,25,1.70967e-09
6,26,1.36099e-09
6,27,6.39141e-10
6,28,1.63223e-10
6,29,2.06303e-11
6,30,1.00343e-12
6,31,0
6,32,0
6,33,0
6,34,0
6,35,0
6,36,0
6,37,0
6,38,0
6,39,0
6,40,0
6,41,0
6,42,0
6,43,0
6,44,0
6,45,0
6,46,0
6,47,0
6,48,0
6,49,0
7,0,0
7,1,0
7,2,0
7,3,0
7,4,0
7,5,0
7,6,0
7,7,0
7,8,0
7,9,0
7,10,0
7,11,0
7,12,0
7,13,0
7,14,0
7,15,0
7,16,0
7,17,0
7,18,0
7,19,3.17752e-12
7,20,7.8395e-11
7,21,7.70792e-10
7,22,3.92136e-09
7,23,1.14035e-08
7,24,2.04081e-08
7,25,2.44534e-08
7,26,2.04081e-08
7,27,1.14035e-08
7,28,3.92136e-09
7,29,7.70792e-10
7,30,7.8395e-11
7,31,3.17752e-12
7,32,0
7,33,0
7,34,0
7,35,0
7,36,0
7,37,0
7,38,0
7,39,0
7,40,0
7,41,0
7,42,0
7,43,0
7,44,0
7,45,0
7,46,0
7,47,0
7,48,0
7,49,0
8,0,0
8,1,0
8,2,0
8,3,0
8,4,0
8,5,0
8,6,0
8,7,0
8,8,0
8,9,0
8,10,0
8,11,0
8,12,0
8,13,0
8,14,0
8,15,0
8,16,0
8,17,0
8,18,8.17076e-12
8,19,2.35185e-10
8,20,2.76441e-09
8,21,1.7314e-08
8,22,6.39593e-08
8,23,1.4902e-07
8,24,2.3626e-07
8,25,2.73976e-07
8,26,2.3626e-07
8,27,1.4902e-07
8,28,6.39593e-08
8,29,1.7314e-08
8,30,2.76441e-09
8,31,2.35185e-10
8,32,8.17076e-12
8,33,0
8,34,0
8,35,0
8,36,0
8,37,0
8,38,0
8,39,0
8,40,0
8,41,0
8,42,0
8,43,0
8,44,0
8,45,0
8,46,0
8,47,0
8,48,0
8,49,0
9,0,0
9,1,0
9,2,0
9,3,0
9,4,0
9,5,0
9,6,0
9,7,0
9,8,0
9,9,0
9,10,0
9,11,0
9,12,0
9,13,0
9,14,0
9,15,0
9,16,0
9,17,1.73629e-11
9,18,5.71164e-10
9,19,7.81254e-09
9,20,5.81463e-08
9,21,2.60849e-07
9,22,7.50253e-07
9,23,1.47596e-06
9,24,2.14467e-06
9,25,2.42224e-06
9,26,2.14467e-06
9,27,1.47596e-06
9,28,7.50253e-07
9,29,2.60849e-07
9,30,5.81463e-08
9,31,7.81254e-09
9,32,5.71164e-10
9,33,1.73629e-11
9,34,0
9,35,0
9,36,0
9,37,0
9,38,0
9,39,0
9,40,0
9,41,0
9,42,0
9,43,0
9,44,0
9,45,0
9,46,0
9,47,0
9,48,0
9,49,0
10,0,0
10,1,0
10,2,0
10,3,0
10,4,0
10,5,0
10,6,0
10,7,0
10,8,0
10,9,0
10,10,0
10,11,0
10,12,0
10,13,0
10,14,0
10,15,0
10,16,3.08673e-11
10,17,1.14233e-09
10,18,1.78257e-08
10,19,1.53769e-07
10,20,8.12482e-07
10,21,2.78574e-06
10,22,6.54454e-06
10,23,1.13043e-05
10,24,1.53768e-05
10,25,1.69855e-05
10,26,1.53768e-05
10,27,1.13043e-05
10,28,6.54454e-06
10,29,2.78574e-06
10,30,8.12482e-07
10,31,1.53769e-07
10,32,1.78257e-08
10,33,1.14233e-09
10,34,3.08673e-11
10,35,0
10,36,0
10,37,0
10,38,0
10,39,0
10,40,0
10,41,0
10,42,0
10,43,0
10,44,0
10,45,0
10,46,0
10,47,0
10,48,0
10,49,0
11,0,0
11,1,0
11,2,0
11,3,0
11,4,0
11,5,0
11,6,0
11,7,0
11,8,0
11,9,0
11,10,0
11,11,0
11,12,0
11,13,0
11,14,0
11,15,4.6301e-11
11,16,1.90388e-09
11,17,3.33827e-08
11,18,3.27628e-07
11,19,1.99445e-06
11,20,7.95406e-06
11,21,2.17561e-05
11,22,4.33433e-05
11,23,6.77177e-05
11,24,8.7362e-05
11,25,9.47942e-05
11,26,8.7362e-05
11,27,6.77177e-05
11,28,4.33433e-05
11,29,2.17561e-05
11,30,7.95406e-06
11,31,1.99445e-06
11,32,3.27628e-07
11,33,3.33827e-08
11,34,1.90388e-09
11,35,4.6301e-11
11,36,0
11,37,0
11,38,0
11,39,0
11,40,0
11,41,0
11,42,0
11,43,0
11,44,0
11,45,0
11,46,0
11,47,0
11,48,0
11,49,0
12,0,0
12,1,0
12,2,0
12,3,0
12,4,0
12,5,0
12,6,0
12,7,0
12,8,0
12,9,0
12,10,0
12,11,0
12,12,0
12,13,0
12,14,5.89285e-11
12,15,2.66543e-09
12,16,5.18875e-08
12,17,5.7116e-07
12,18,3.93997e-06
12,19,1.79488e-05
12,20,5.6145e-05
12,21,0.000126648
12,22,0.000221032
12,23,0.000319435
12,24,0.000394447
12,25,0.00042233
12,26,0.000394447
12,27,0.000319435
12,28,0.000221032
12,29,0.000126648
12,30,5.6145e-05
12,31,1.79488e-05
12,32,3.93997e-06
12,33,5.7116e-07
12,34,5.18875e-08
12,35,2.66543e-09
12,36,5.89285e-11
12,37,0
12,38,0
12,39,0
12,40,0
12,41,0
12,42,0
12,43,0
12,44,0
12,45,0
12,46,0
12,47,0
12,48,0
12,49,0
13,0,0
13,1,0
13,2,0
13,3,0
13,4,0
13,5,0
13,6,0
13,7,0
13,8,0
13,9,0
13,10,0
13,11,0
13,12,0
13,13,6.38392e-11
13,14,3.15005e-09
13,15,6.74234e-08
13,16,8.23063e-07
13,17,6.35151e-06
13,18,3.26004e-05
13,19,0.000115105
13,20,0.000290572
13,21,0.00055764
13,22,0.000878755
13,23,0.00119491
13,24,0.001425
13,25,0.00151102
13,26,0.001425
13,27,0.00119491
13,28,0.000878755
13,29,0.00055764
13,30,0.000290572
13,31,0.000115105
13,32,3.26004e-05
13,33,6.35151e-06
13,34,8.23063e-07
13,35,6.74234e-08
13,36,3.15005e-09
13,37,6.38392e-11
13,38,0
13,39,0
13,40,0
13,41,0
13,42,0
13,43,0
13,44,0
13,45,0
13,46,0
13,47,0
13,48,0
13,49,0
14,0,0
14,1,0
14,2,0
14,3,0
14,4,0
14,5,0
14,6,0
14,7,0
14,8,0
14,9,0
14,10,0
14,11,0
14,12,5.89285e-11
14,13,3.15005e-09
14,14,7.35421e-08
14,15,9.86561e-07
14,16,8.43067e-06
14,17,4.82371e-05
14,18,0.000190375
14,19,0.000533892
14,20,0.00111823
14,21,0.0018912
14,22,0.00277013
14,23,0.0035969
14,24,0.0041877
14,25,0.00440708
14,26,0.0041877
14,27,0.0035969
14,28,0.00277013
14,29,0.0018912
14,30,0.00111823
14,31,0.000533892
14,32,0.000190375
14,33,4.82371e-05
14,34,8.43067e-06
14,35,9.86561e-07
14,36,7.35421e-08
14,37,3.15005e-09
14,38,5.89285e-11
14,39,0
14,40,0
14,41,0
14,42,0
14,43,0
14,44,0
14,45,0
14,46,0
14,47,0
14,48,0
14,49,0
15,0,0
15,1,0
15,2,0
15,3,0
15,4,0
15,5,0
15,6,0
15,7,0
15,8,0
15,9,0
15,10,0
15,11,4.6301e-11
15,12,2.66543e-09
15,13,6.74234e-08
15,14,9.86561e-07
15,15,9.26026e-06
15,16,5.85737e-05
15,17,0.000256525
15,18,0.000795772
15,19,0.00181617
15,20,0.00327664
15,21,0.00510038
15,22,0.00713301
15,23,0.00899155
15,24,0.010337
15,25,0.010815
15,26,0.010337
15,27,0.00899155
15,28,0.00713301
15,29,0.00510038
15,30,0.00327664
15,31,0.00181617
15,32,0.000795772
15,33,0.000256525
15,34,5.85737e-05
15,35,9.26026e-06
15,36,9.86561e-07
15,37,6.74234e-08
15,38,2.66543e-09
15,39,4.6301e-11
15,40,0
15,41,0
15,42,0
15,43,0
15,44,0
15,45,0
15,46,0
15,47,0
15,48,0
15,49,0
16,0,0
16,1,0
16,2,0
16,3,0
16,4,0
16,5,0
16,6,0
16,7,0
16,8,0
16,9,0
16,10,3.08673e-11
16,11,1.90388e-09
16,12,5.18875e-08
16,13,8.23063e-07
16,14,8.43067e-06
16,15,5.85737e-05
16,16,0.000283169
16,17,0.000969735
16,18,0.00241844
16,19,0.00466868
16,20,0.00768664
16,21,0.0115321
16,22,0.0157407
16,23,0.0196167
16,24,0.0224226
16,25,0.0234036
16,26,0.0224226
16,27,0.0196167
16,28,0.0157407
16,29,0.0115321
16,30,0.00768664
16,31,0.00466868
16,32,0.00241844
16,33,0.000969735
16,34,0.000283169
16,35,5.85737e-05
16,36,8.43067e-06
16,37,8.23063e-07
16,38,5.18875e-08
16,39,1.90388e-09
16,40,3.08673e-11
16,41,0
16,42,0
16,43,0
16,44,0
16,45,0
16,46,0
16,47,0
16,48,0
16,49,0
17,0,0
17,1,0
17,2,0
17,3,0
17,4,0
17,5,0
17,6,0
17,7,0
17,8,0
17,9,1.73629e-11
17,10,1.14233e-09
17,11,3.33827e-08
17,12,5.7116e-07
17,13,6.35151e-06
17,14,4.82371e-05
17,15,0.000256525
17,16,0.000969735
17,17,0.0026587
17,18,0.00555156
17,19,0.00971847
17,20,0.0156308
17,21,0.023222
17,22,0.0313867
17,23,0.03906
17,24,0.0444198
17,25,0.0464151
17,26,0.0444198
17,27,0.03906
17,28,0.0313867
17,29,0.023222
17,30,0.0156308
17,31,0.00971847
17,32,0.00555156
17,33,0.0026587
17,34,0.000969735
17,35,0.000256525
17,36,4.82371e-05
17,37,6.35151e-06
17,38,5.7116e-07
17,39,3.33827e-08
17,40,1.14233e-09
17,41,1.73629e-11
17,42,0
17,43,0
17,44,0
17,45,0
17,46,0
17,47,0
17,48,0
17,49,0
18,0,0
18,1,0
18,2,0
18,3,0
18,4,0
18,5,0
18,6,0
18,7,0
18,8,8.17076e-12
18,9,5.71164e-10
18,10,1.78257e-08
18,11,3.27628e-07
18,12,3.93997e-06
18,13,3.26004e-05
18,14,0.000190375
18,15,0.000795772
18,16,0.00241844
18,17,0.00555156
18,18,0.0104867
18,19,0.0181077
18,20,0.0292923
18,21,0.0430438
18,22,0.0579753
18,23,0.0717494
18,24,0.0812633
18,25,0.0848795
18,26,0.0812633
18,27,0.0717494
18,28,0.0579753
18,29,0.0430438
18,30,0.0292923
18,31,0.0181077
18,32,0.0104867
18,33,0.00555156
18,34,0.00241844
18,35,0.000795772
18,36,0.000190375
18,37,3.26004e-05
18,38,3.93997e-06
18,39,3.27628e-07
18,40,1.78257e-08
18,41,5.71164e-10
18,42,8.17076e-12
18,43,0
18,44,0
18,45,0
18,46,0
18,47,0
18,48,0
18,49,0
19,0,0
19,1,0
19,2,0
19,3,0
19,4,0
19,5,0
19,6,0
19,7,3.17752e-12
19,8,2.35185e-10
19,9,7.81254e-09
19,10,1.53769e-07
19,11,1.99445e-06
19,12,1.79488e-05
19,13,0.000115105
19,14,0.000533892
19,15,0.00181617
19,16,0.00466868
19,17,0.00971847
19,18,0.0181077
19,19,0.0316583
19,20,0.0505413
19,21,0.0734172
19,22,0.0983664
19,23,0.120568
19,24,0.136331
19,25,0.141887
19,26,0.136331
19,27,0.120568
19,28,0.0983663
19,29,0.0734172
19,30,0.0505413
19,31,0.0316583
19,32,0.0181077
19,33,0.00971847
19,34,0.00466868
19,35,0.00181617
19,36,0.000533892
19,37,0.000115105
19,38,1.79488e-05
19,39,1.99445e-06
19,40,1.53769e-07
19,41,7.81254e-09
19,42,2.35185e-10
19,43,3.17752e-12
19,44,0
19,45,0
19,46,0
19,47,0
19,48,0
19,49,0
20,0,0
20,1,0
20,2,0
20,3,0
20,4,0
20,5,0
20,6,1.00343e-12
20,7,7.8395e-11
20,8,2.76441e-09
20,9,5.81463e-08
20,10,8.12482e-07
20,11,7.95406e-06
20,12,5.6145e-05
20,13,0.000290572
20,14,0.00111823
20,15,0.00327664
20,16,0.00768664
20,17,0.0156308
20,18,0.0292923
20,19,0.0505413
20,20,0.079403
20,21,0.114781
20,22,0.152277
20,23,0.185643
20,24,0.209177
20,25,0.217342
20,26,0.209177
20,27,0.185643
20,28,0.152277
20,29,0.114781
20,30,0.0794029
20,31,0.0505413
20,32,0.0292923
20,33,0.0156308
20,34,0.00768664
20,35,0.00327664
20,36,0.00111823
20,37,0.000290572
20,38,5.6145e-05
20,39,7.95406e-06
20,40,8.12482e-07
20,41,5.81463e-08
20,42,2.76441e-09
20,43,7.8395e-11
20,44,1.00343e-12
20,45,0
20,46,0
20,47,0
20,48,0
20,49,0
21,0,0
21,1,0
21,2,0
21,3,0
21,4,0
21,5,2.50857e-13
21,6,2.06303e-11
21,7,7.70792e-10
21,8,1.7314e-08
21,9,2.60849e-07
21,10,2.78574e-06
21,11,2.17561e-05
21,12,0.000126648
21,13,0.00055764
21,14,0.0018912
21,15,0.00510038
21,16,0.0115321
21,17,0.023222
21,18,0.0430438
21,19,0.0734172
21,20,0.114781
21,21,0.164509
21,22,0.21647
21,23,0.262818
21,24,0.294826
21,25,0.306464
21,26,0.294826
21,27,0.262818
21,28,0.21647
21,29,0.164509
21,30,0.114781
21,31,0.0734172
21,32,0.0430438
21,33,0.023222
21,34,0.0115321
21,35,0.00510038
21,36,0.0018912
21,37,0.00055764
21,38,0.000126648
21,39,2.17561e-05
21,40,2.78574e-06
21,41,2.60849e-07
21,42,1.7314e-08
21,43,7.70792e-10
21,44,2.06303e-11
21,45,2.50857e-13
21,46,0
21,47,0
21,48,0
21,49,0
22,0,0
22,1,0
22,2,0
22,3,0
22,4,4.77822e-14
22,5,4.12605e-12
22,6,1.63223e-10
22,7,3.92136e-09
22,8,6.39593e-08
22,9,7.50253e-07
22,10,6.54454e-06
22,11,4.33433e-05
22,12,0.000221032
22,13,0.000878755
22,14,0.00277013
22,15,0.00713301
22,16,0.0157407
22,17,0.0313867
22,18,0.0579753
22,19,0.0983663
22,20,0.152277
22,21,0.21647
22,22,0.283355
22,23,0.342356
22,24,0.383761
22,25,0.399158
22,26,0.383761
22,27,0.342356
22,28,0.283355
22,29,0.21647
22,30,0.152277
22,31,0.0983664
22,32,0.0579753
22,33,0.0313867
22,34,0.0157407
22,35,0.00713301
22,36,0.00277013
22,37,0.000878755
22,38,0.000221032
22,39,4.33433e-05
22,40,6.54454e-06
22,41,7.50253e-07
22,42,6.39593e-08
22,43,3.92136e-09
22,44,1.63223e-10
22,45,4.12605e-12
22,46,4.77822e-14
22,47,0
22,48,0
22,49,0
23,0,0
23,1,0
23,2,0
23,3,6.51576e-15
23,4,5.89436e-13
23,5,2.47271e-11
23,6,6.39142e-10
23,7,1.14035e-08
23,8,1.4902e-07
23,9,1.47596e-06
23,10,1.13043e-05
23,11,6.77177e-05
23,12,0.000319435
23,13,0.00119492
23,14,0.0035969
23,15,0.00899155
23,16,0.0196167
23,17,0.03906
23,18,0.0717494
23,19,0.120568
23,20,0.185643
23,21,0.262818
23,22,0.342356
23,23,0.413428
23,24,0.465233
23,25,0.487553
23,26,0.465233
23,27,0.413428
23,28,0.342356
23,29,0.262818
23,30,0.185643
23,31,0.120568
23,32,0.0717494
23,33,0.03906
23,34,0.0196167
23,35,0.00899155
23,36,0.0035969
23,37,0.00119491
23,38,0.000319435
23,39,6.77177e-05
23,40,1.13043e-05
23,41,1.47596e-06
23,42,1.4902e-07
23,43,1.14035e-08
23,44,6.39142e-10
23,45,2.47271e-11
23,46,5.89436e-13
23,47,6.51576e-15
23,48,0
23,49,0
24,0,0
24,1,0
24,2,5.66587e-16
24,3,5.35851e-14
24,4,2.40212e-12
24,5,6.79813e-11
24,6,1.36099e-09
24,7,2.04081e-08
24,8,2.3626e-07
24,9,2.14467e-06
24,10,1.53768e-05
24,11,8.7362e-05
24,12,0.000394447
24,13,0.001425
24,14,0.0041877
24,15,0.010337
24,16,0.0224226
24,17,0.0444198
24,18,0.0812633
24,19,0.136331
24,20,0.209177
24,21,0.294826
24,22,0.383761
24,23,0.465233
24,24,0.532012
24,25,0.575325
24,26,0.532011
24,27,0.465233
24,28,0.383761
24,29,0.294826
24,30,0.209177
24,31,0.136331
24,32,0.0812633
24,33,0.0444198
24,34,0.0224226
24,35,0.010337
24,36,0.0041877
24,37,0.001425
24,38,0.000394447
24,39,8.7362e-05
24,40,1.53768e-05
24,41,2.14467e-06
24,42,2.3626e-07
24,43,2.04081e-08
24,44,1.36099e-09
24,45,6.79813e-11
24,46,2.40212e-12
24,47,5.35851e-14
24,48,5.66587e-16
24,49,0
25,0,0
25,1,2.36078e-17
25,2,2.32979e-15
25,3,1.15677e-13
25,4,3.82409e-12
25,5,9.26563e-11
25,6,1.70967e-09
25,7,2.44534e-08
25,8,2.73976e-07
25,9,2.42224e-06
25,10,1.69855e-05
25,11,9.47942e-05
25,12,0.000422331
25,13,0.00151102
25,14,0.00440708
25,15,0.010815
25,16,0.0234036
25,17,0.0464151
25,18,0.0848795
25,19,0.141887
25,20,0.217342
25,21,0.306464
25,22,0.399158
25,23,0.487553
25,24,0.575325
25,25,0.706648
25,26,0.575324
25,27,0.487553
25,28,0.399158
25,29,0.306464
25,30,0.217342
25,31,0.141887
25,32,0.0848795
25,33,0.0464151
25,34,0.0234036
25,35,0.010815
25,36,0.00440708
25,37,0.00151102
25,38,0.000422331
25,39,9.47942e-05
25,40,1.69855e-05
25,41,2.42224e-06
25,42,2.73976e-07
25,43,2.44534e-08
25,44,1.70967e-09
25,45,9.26563e-11
25,46,3.82409e-12
25,47,1.15677e-13
25,48,2.32979e-15
25,49,2.36078e-17
26,0,0
26,1,0
26,2,5.66587e-16
26,3,5.35851e-14
26,4,2.40212e-12
26,5,6.79813e-11
26,6,1.36099e-09
26,7,2.04081e-08
26,8,2.3626e-07
26,9,2.14467e-06
26,10,1.53768e-05
26,11,8.7362e-05
26,12,0.000394447
26,13,0.001425
26,14,0.0041877
26,15,0.010337
26,16,0.0224226
26,17,0.0444198
26,18,0.0812633
26,19,0.136331
26,20,0.209177
26,21,0.294826
26,22,0.383761
26,23,0.465233
26,24,0.532012
26,25,0.575325
26,26,0.532011
26,27,0.465233
26,28,0.383761
26,29,0.294826
26,30,0.209177
26,31,0.136331
26,32,0.0812633
26,33,0.0444198
26,34,0.0224226
26,35,0.010337
26,36,0.0041877
26,37,0.001425
26,38,0.000394447
26,39,8.7362e-05
26,40,1.53768e-05
26,41,2.14467e-06
26,42,2.3626e-07
26,43,2.04081e-08
26,44,1.36099e-09
26,45,6.79813e-11
26,46,2.40212e-12
26,47,5.35851e-14
26,48,5.66587e-16
26,49,0
27,0,0
27,1,0
27,2,0
27,3,6.51576e-15
27,4,5.89436e-13
27,5,2.47271e-11
27,6,6.39142e-10
27,7,1.14035e-08
27,8,1.4902e-07
27,9,1.47596e-06
27,10,1.13043e-05
27,11,6.77177e-05
27,12,0.000319435
27,13,0.00119492
27,14,0.0035969
27,15,0.00899155
27,16,0.0196167
27,17,0.03906
27,18,0.0717494
27,19,0.120568
27,20,0.185643
27,21,0.262818
27,22,0.342356
27,23,0.413428
27,24,0.465233
27,25,0.487553
27,26,0.465233
27,27,0.413428
27,28,0.342356
27,29,0.262818
27,30,0.185643
27,31,0.120568
27,32,0.0717494
27,33,0.03906
27,34,0.0196167
27,35,0.00899155
27,36,0.0035969
27,37,0.00119491
27,38,0.000319435
27,39,6.77177e-05
27,40,1.13043e-05
27,41,1.47596e-06
27,42,1.4902e-07
27,43,1.14035e-08
27,44,6.39142e-10
27,45,2.47271e-11
27,46,5.89436e-13
27,47,6.51576e-15
27,48,0
27,49,0
28,0,0
28,1,0
28,2,0
28,3,0
28,4,4.77822e-14
28,5,4.12605e-12
28,6,1.63223e-10
28,7,3.92136e-09
28,8,6.39593e-08
28,9,7.50253e-07
28,10,6.54454e-06
28,11,4.33433e-05
28,12,0.000221032
28,13,0.000878755
28,14,0.00277013
28,15,0.00713301
28,16,0.0157407
28,17,0.0313867
28,18,0.0579753
28,19,0.0983663
28,20,0.152277
28,21,0.21647
28,22,0.283355
28,23,0.342356
28,24,0.383761
28,25,0.399158
28,26,0.383761
28,27,0.342356
28,28,0.283355
28,29,0.21647
28,30,0.152277
28,31,0.0983664
28,32,0.0579753
28,33,0.0313867
28,34,0.0157407
28,35,0.00713301
28,36,0.00277013
28,37,0.000878755
28,38,0.000221032
28,39,4.33433e-05
28,40,6.54454e-06
28,41,7.50253e-07
28,42,6.39593e-08
28,43,3.92136e-09
28,44,1.63223e-10
28,45,4.12605e-12
28,46,4.77822e-14
28,47,0
28,48,0
28,49,0
29,0,0
29,1,0
29,2,0
29,3,0
29,4,0
29,5,2.50857e-13
29,6,2.06303e-11
29,7,7.70792e-10
29,8,1.7314e-08
29,9,2.60849e-07
29,10,2.78574e-06
29,11,2.17561e-05
29,12,0.000126648
29,13,0.00055764
29,14,0.0018912
29,15,0.00510038
29,16,0.0115321
29,17,0.023222
29,18,0.0430438
29,19,0.0734172
29,20,0.114781
29,21,0.164509
29,22,0.21647
29,23,0.262818
29,24,0.294826
29,25,0.306464
29,26,0.294826
29,27,0.262818
29,28,0.21647
29,29,0.164509
29,30,0.114781
29,31,0.0734172
29,32,0.0430438
29,33,0.023222
29,34,0.0115321
29,35,0.00510038
29,36,0.0018912
29,37,0.00055764
29,38,0.000126648
29,39,2.17561e-05
29,40,2.78574e-06
29,41,2.60849e-07
29,42,1.7314e-08
29,43,7.70792e-10
29,44,2.06303e-11
29,45,2.50857e-13
29,46,0
29,47,0
29,48,0
29,49,0
30,0,0
30,1,0
30,2,0
30,3,0
30,4,0
30,5,0
30,6,1.00343e-12
30,7,7.8395e-11
30,8,2.76441e-09
30,9,5.81463e-08
30,10,8.12482e-07
30,11,7.95406e-06
30,12,5.6145e-05
30,13,0.000290572
30,14,0.00111823
30,15,0.00327664
30,16,0.00768664
30,17,0.0156308
30,18,0.0292923
30,19,0.0505413
30,20,0.079403
30,21,0.114781
30,22,0.152277
30,23,0.185643
30,24,0.209177
30,25,0.217342
30,26,0.209177
30,27,0.185643
30,28,0.152277
30,29,0.114781
30,30,0.0794029
30,31,0.0505413
30,32,0.0292923
30,33,0.0156308
30,34,0.00768664
30,35,0.00327664
30,36,0.00111823
30,37,0.000290572
30,38,5.6145e-05
30,39,7.95406e-06
30,40,8.12482e-07
30,41,5.81463e-08
30,42,2.76441e-09
30,43,7.8395e-11
30,44,1.00343e-12
30,45,0
30,46,0
30,47,0
30,48,0
30,49,0
31,0,0
31,1,0
31,2,0
31,3,0
31,4,0
31,5,0
31,6,0
31,7,3.17752e-12
31,8,2.35185e-10
31,9,7.81254e-09
31,10,1.53769e-07
31,11,1.99445e-06
31,12,1.79488e-05
31,13,0.000115105
31,14,0.000533892
31,15,0.00181617
31,16,0.00466868
31,17,0.00971847
31,18,0.0181077
31,19,0.0316583
31,20,0.0505413
31,21,0.0734172
31,22,0.0983664
31,23,0.120568
31,24,0.136331
31,25,0.141887
31,26,0.136331
31,27,0.120568
31,28,0.0983663
31,29,0.0734172
31,30,0.0505413
31,31,0.0316583
31,32,0.0181077
31,33,0.00971847
31,34,0.00466868
31,35,0.00181617
31,36,0.000533892
31,37,0.000115105
31,38,1.79488e-05
31,39,1.99445e-06
31,40,1.53769e-07
31,41,7.81254e-09
31,42,2.35185e-10
31,43,3.17752e-12
31,44,0
31,45,0
31,46,0
31,47,0
31,48,0
31,49,0
32,0,0
32,1,0
32,2,0
32,3,0
32,4,0
32,5,0
32,6,0
32,7,0
32,8,8.17076e-12
32,9,5.71164e-10
32,10,1.78257e-08
32,11,3.27628e-07
32,12,3.93997e-06
32,13,3.26004e-05
32,14,0.000190375
32,15,0.000795772
32,16,0.00241844
32,17,0.00555156
32,18,0.0104867
32,19,0.0181077
32,20,0.0292923
32,21,0.0430438
32,22,0.0579753
32,23,0.0717494
32,24,0.0812633
32,25,0.0848795
32,26,0.0812633
32,27,0.0717494
32,28,0.0579753
32,29,0.0430438
32,30,0.0292923
32,31,0.0181077
32,32,0.0104867
32,33,0.00555156
32,34,0.00241844
32,35,0.000795772
32,36,0.000190375
32,37,3.26004e-05
32,38,3.93997e-06
32,39,3.27628e-07
32,40,1.78257e-08
32,41,5.71164e-10
32,42,8.17076e-12
32,43,0
32,44,0
32,45,0
32,46,0
32,47,0
32,48,0
32,49,0
33,0,0
33,1,0
33,2,0
33,3,0
33,4,0
33,5,0
33,6,0
33,7,0
33,8,0
33,9,1.73629e-11
33,10,1.14233e-09
33,11,3.33827e-08
33,12,5.7116e-07
33,13,6.35151e-06
33,14,4.82371e-05
33,15,0.000256525
33,16,0.000969735
33,17,0.0026587
33,18,0.00555156
33,19,0.00971847
33,20,0.0156308
33,21,0.023222
33,22,0.0313867
33,23,0.03906
33,24,0.0444198
33,25,0.0464151
33,26,0.0444198
33,27,0.03906
33,28,0.0313867
33,29,0.023222
33,30,0.0156308
33,31,0.00971847
33,32,0.00555156
33,33,0.0026587
33,34,0.000969735
33,35,0.000256525
33,36,4.82371e-05
33,37,6.35151e-06
33,38,5.7116e-07
33,39,3.33827e-08
33,40,1.14233e-09
33,41,1.73629e-11
33,42,0
33,43,0
33,44,0
33,45,0
33,46,0
33,47,0
33,48,0
33,49,0
34,0,0
34,1,0
34,2,0
34,3,0
34,4,0
34,5,0
34,6,0
34,7,0
34,8,0
34,9,0
34,10,3.08673e-11
34,11,1.90388e-09
34,12,5.18875e-08
34,13,8.23063e-07
34,14,8.43067e-06
34,15,5.85737e-05
34,16,0.000283169
34,17,0.000969735
34,18,0.00241844
34,19,0.00466868
34,20,0.00768664
34,21,0.0115321
34,22,0.0157407
34,23,0.0196167
34,24,0.0224226
34,25,0.0234036
34,26,0.0224226
34,27,0.0196167
34,28,0.0157407
34,29,0.0115321
34,30,0.00768664
34,31,0.00466868
34,32,0.00241844
34,33,0.000969735
34,34,0.000283169
34,35,5.85737e-05
34,36,8.43067e-06
34,37,8.23063e-07
34,38,5.18875e-08
34,39,1.90388e-09
34,40,3.08673e-11
34,41,0
34,42,0
34,43,0
34,44,0
34,45,0
34,46,0
34,47,0
34,48,0
34,49,0
35,0,0
35,1,0
35,2,0
35,3,0
35,4,0
35,5,0
35,6,0
35,7,0
35,8,0
35,9,0
35,10,0
35,11,4.6301e-11
35,12,2.66543e-09
35,13,6.74234e-08
35,14,9.86561e-07
35,15,9.26026e-06
35,16,5.85737e-05
35,17,0.000256525
35,18,0.000795772
35,19,0.00181617
35,20,0.00327664
35,21,0.00510038
35,22,0.00713301
35,23,0.00899155
35,24,0.010337
35,25,0.010815
35,26,0.010337
35,27,0.00899155
35,28,0.00713301
35,29,0.00510038
35,30,0.00327664
35,31,0.00181617
35,32,0.000795772
35,33,0.000256525
35,34,5.85737e-05
35,35,9.26026e-06
35,36,9.86561e-07
35,37,6.74234e-08
35,38,2.66543e-09
35,39,4.6301e-11
35,40,0
35,41,0
35,42,0
35,43,0
35,44,0
35,45,0
35,46,0
35,47,0
35,48,0
35,49,0
36,0,0
36,1,0
36,2,0
36,3,0
36,4,0
36,5,0
36,6,0
36,7,0
36,8,0
36,9,0
36,10,0
36,11,0
36,12,5.89285e-11
36,13,3.15005e-09
36,14,7.35421e-08
36,15,9.86561e-07
36,16,8.43067e-06
36,17,4.82371e-05
36,18,0.000190375
36,19,0.000533892
36,20,0.00111823
36,21,0.0018912
36,22,0.00277013
36,23,0.0035969
36,24,0.0041877
36,25,0.00440708
36,26,0.0041877
36,27,0.0035969
36,28,0.00277013
36,29,0.0018912
36,30,0.00111823
36,31,0.000533892
36,32,0.000190375
36,33,4.82371e-05
36,34,8.43067e-06
36,35,9.86561e-07
36,36,7.35421e-08
36,37,3.15005e-09
36,38,5.89285e-11
36,39,0
36,40,0
36,41,0
36,42,0
36,43,0
36,44,0
36,45,0
36,46,0
36,47,0
36,48,0
36,49,0
37,0,0
37,1,0
37,2,0
37,3,0
37,4,0
37,5,0
37,6,0
37,7,0
37,8,0
37,9,0
37,10,0
37,11,0
37,12,0
37,13,6.38392e-11
37,14,3.15005e-09
37,15,6.74234e-08
37,16,8.23063e-07
37,17,6.35151e-06
37,18,3.26004e-05
37,19,0.000115105
37,20,0.000290572
37,21,0.00055764
37,22,0.000878755
37,23,0.00119491
37,24,0.001425
37,25,0.00151102
37,26,0.001425
37,27,0.00119491
37,28,0.000878755
37,29,0.00055764
37,30,0.000290572
37,31,0.000115105
37,32,3.26004e-05
37,33,6.35151e-06
37,34,8.23063e-07
37,35,6.74234e-08
37,36,3.15005e-09
37,37,6.38392e-11
37,38,0
37,39,0
37,40,0
37,41,0
37,42,0
37,43,0
37,44,0
37,45,0
37,46,0
37,47,0
37,48,0
37,49,0
38,0,0
38,1,0
38,2,0
38,3,0
38,4,0
38,5,0
38,6,0
38,7,0
38,8,0
38,9,0
38,10,0
38,11,0
38,12,0
38,13,0
38,14,5.89285e-11
38,15,2.66543e-09
38,16,5.18875e-08
38,17,5.7116e-07
38,18,3.93997e-06
38,19,1.79488e-05
38,20,5.6145e-05
38,21,0.000126648
38,22,0.000221032
38,23,0.000319435
38,24,0.000394447
38,25,0.00042233
38,26,0.000394447
38,27,0.000319435
38,28,0.000221032
38,29,0.000126648
38,30,5.6145e-05
38,31,1.79488e-05
38,32,3.93997e-06
38,33,5.7116e-07
38,34,5.18875e-08
38,35,2.66543e-09
38,36,5.89285e-11
38,37,0
38,38,0
38,39,0
38,40,0
38,41,0
38,42,0
38,43,0
38,44,0
38,45,0
38,46,0
38,47,0
38,48,0
38,49,0
39,0,0
39,1,0
39,2,0
39,3,0
39,4,0
39,5,0
39,6,0
39,7,0
39,8,0
39,9,0
39,10,0
39,11,0
39,12,0
39,13,0
39,14,0
39,15,4.6301e-11
39,16,1.90388e-09
39,17,3.33827e-08
39,18,3.27628e-07
39,19,1.99445e-06
39,20,7.95406e-06
39,21,2.17561e-05
39,22,4.33433e-05
39,23,6.77177e-05
39,24,8.7362e-05
39,25,9.47942e-05
39,26,8.7362e-05
39,27,6.77177e-05
39,28,4.33433e-05
39,29,2.17561e-05
39,30,7.95406e-06
39,31,1.99445e-06
39,32,3.27628e-07
39,33,3.33827e-08
39,34,1.90388e-09
39,35,4.6301e-11
39,36,0
39,37,0
39,38,0
39,39,0
39,40,0
39,41,0
39,42,0
39,43,0
39,44,0
39,45,0
39,46,0
39,47,0
39,48,0
39,49,0
40,0,0
40,1,0
40,2,0
40,3,0
40,4,0
40,5,0
40,6,0
40,7,0
40,8,0
40,9,0
40,10,0
40,11,0
40,12,0
40,13,0
40,14,0
40,15,0
40,16,3.08673e-11
40,17,1.14233e-09
40,18,1.78257e-08
40,19,1.53769e-07
40,20,8.12482e-07
40,21,2.78574e-06
40,22,6.54454e-06
40,23,1.13043e-05
40,24,1.53768e-05
40,25,1.69855e-05
40,26,1.53768e-05
40,27,1.13043e-05
40,28,6.54454e-06
40,29,2.78574e-06
40,30,8.12482e-07
40,31,1.53769e-07
40,32,1.78257e-08
40,33,1.14233e-09
40,34,3.08673e-11
40,35,0
40,36,0
40,37,0
40,38,0
40,39,0
40,40,0
40,41,0
40,42,0
40,43,0
40,44,0
40,45,0
40,46,0
40,47,0
40,48,0
40,49,0
41,0,0
41,1,0
41,2,0
41,3,0
41,4,0
41,5,0
41,6,0
41,7,0
41,8,0
41,9,0
41,10,0
41,11,0
41,12,0
41,13,0
41,14,0
41,15,0
41,16,0
41,17,1.73629e-11
41,18,5.71164e-10
41,19,7.81254e-09
41,20,5.81463e-08
41,21,2.60849e-07
41,22,7.50253e-07
41,23,1.47596e-06
41,24,2.14467e-06
41,25,2.42224e-06
41,26,2.14467e-06
41,27,1.47596e-06
41,28,7.50253e-07
41,29,2.60849e-07
41,30,5.81463e-08
41,31,7.81254e-09
41,32,5.71164e-10
41,33,1.73629e-11
41,34,0
41,35,0
41,36,0
41,37,0
41,38,0
41,39,0
41,40,0
41,41,0
41,42,0
41,43,0
41,44,0
41,45,0
41,46,0
41,47,0
41,48,0
41,49,0
42,0,0
42,1,0
42,2,0
42,3,0
42,4,0
42,5,0
42,6,0
42,7,0
42,8,0
42,9,0
42,10,0
42,11,0
42,12,0
42,13,0
42,14,0
42,15,0
42,16,0
42,17,0
42,18,8.17076e-12
42,19,2.35185e-10
42,20,2.76441e-09
42,21,1.7314e-08
42,22,6.39593e-08
42,23,1.4902e-07
42,24,2.3626e-07
42,25,2.73976e-07
42,26,2.3626e-07
42,27,1.4902e-07
42,28,6.39593e-08
42,29,1.7314e-08
42,30,2.76441e-09
42,31,2.35185e-10
42,32,8.17076e-12
42,33,0
42,34,0
42,35,0
42,36,0
42,37,0
42,38,0
42,39,0
42,40,0
42,41,0
42,42,0
42,43,0
42,44,0
42,45,0
42,46,0
42,47,0
42,48,0
42,49,0
43,0,0
43,1,0
43,2,0
43,3,0
43,4,0
43,5,0
43,6,0
43,7,0
43,8,0
43,9,0
43,10,0
43,11,0
43,12,0
43,13,0
43,14,0
43,15,0
43,16,0
43,17,0
43,18,0
43,19,3.17752e-12
43,20,7.8395e-11
43,21,7.70792e-10
43,22,3.92136e-09
43,23,1.14035e-08
43,24,2.04081e-08
43,25,2.44534e-08
43,26,2.04081e-08
43,27,1.14035e-08
43,28,3.92136e-09
43,29,7.70792e-10
43,30,7.8395e-11
43,31,3.17752e-12
43,32,0
43,33,0
43,34,0
43,35,0
43,36,0
43,37,0
43,38,0
43,39,0
43,40,0
43,41,0
43,42,0
43,43,0
43,44,0
43,45,0
43,46,0
43,47,0
43,48,0
43,49,0
44,0,0
44,1,0
44,2,0
44,3,0
44,4,0
44,5,0
44,6,0
44,7,0
44,8,0
44,9,0
44,10,0
44,11,0
44,12,0
44,13,0
44,14,0
44,15,0
44,16,0
44,17,0
44,18,0
44,19,0
44,20,1.00343e-12
44,21,2.06303e-11
44,22,1.63223e-10
44,23,6.39142e-10
44,24,1.36099e-09
44,25,1.70967e-09
44,26,1.36099e-09
44,27,6.39141e-10
44,28,1.63223e-10
44,29,2.06303e-11
44,30,1.00343e-12
44,31,0
44,32,0
44,33,0
44,34,0
44,35,0
44,36,0
44,37,0
44,38,0
44,39,0
44,40,0
44,41,0
44,42,0
44,43,0
44,44,0
44,45,0
44,46,0
44,47,0
44,48,0
44,49,0
45,0,0
45,1,0
45,2,0
45,3,0
45,4,0
45,5,0
45,6,0
45,7,0
45,8,0
45,9,0
45,10,0
45,11,0
45,12,0
45,13,0
45,14,0
45,15,0
45,16,0
45,17,0
45,18,0
45,19,0
45,20,0
45,21,2.50857e-13
45,22,4.12605e-12
45,23,2.47271e-11
45,24,6.79813e-11
45,25,9.26563e-11
45,26,6.79813e-11
45,27,2.47271e-11
45,28,4.12605e-12
45,29,2.50857e-13
45,30,0
45,31,0
45,32,0
45,33,0
45,34,0
45,35,0
45,36,0
45,37,0
45,38,0
45,39,0
45,40,0
45,41,0
45,42,0
45,43,0
45,44,0
45,45,0
45,46,0
45,47,0
45,48,0
45,49,0
46,0,0
46,1,0
46,2,0
46,3,0
46,4,0
46,5,0
46,6,0
46,7,0
46,8,0
46,9,0
46,10,0
46,11,0
46,12,0
46,13,0
46,14,0
46,15,0
46,16,0
46,17,0
46,18,0
46,19,0
46,20,0
46,21,0
46,22,4.77822e-14
46,23,5.89436e-13
46,24,2.40212e-12
46,25,3.82409e-12
46,26,2.40212e-12
46,27,5.89436e-13
46,28,4.77822e-14
46,29,0
46,30,0
46,31,0
46,32,0
46,33,0
46,34,0
46,35,0
46,36,0
46,37,0
46,38,0
46,39,0
46,40,0
46,41,0
46,42,0
46,43,0
46,44,0
46,45,0
46,46,0
46,47,0
46,48,0
46,49,0
47,0,0
47,1,0
47,2,0
47,3,0
47,4,0
47,5,0
47,6,0
47,7,0
47,8,0
47,9,0
47,10,0
47,11,0
47,12,0
47,13,0
47,14,0
47,15,0
47,16,0
47,17,0
47,18,0
47,19,0
47,20,0
47,21,0
47,22,0
47,23,6.51576e-15
47,24,5.35851e-14
47,25,1.15677e-13
47,26,5.35851e-14
47,27,6.51576e-15
47,28,0
47,29,0
47,30,0
47,31,0
47,32,0
47,33,0
47,34,0
47,35,0
47,36,0
47,37,0
47,38,0
47,39,0
47,40,0
47,41,0
47,42,0
47,43,0
47,44,0
47,45,0
47,46,0
47,47,0
47,48,0
47,49,0
48,0,0
48,1,0
48,2,0
48,3,0
48,4,0
48,5,0
48,6,0
48,7,0
48,8,0
48,9,0
48,10,0
48,11,0
48,12,0
48,13,0
48,14,0
48,15,0
48,16,0
48,17,0
48,18,0
48,19,0
48,20,0
48,21,0
48,22,0
48,23,0
48,24,5.66587e-16
48,25,2.32979e-15
48,26,5.66587e-16
48,27,0
48,28,0
48,29,0
48,30,0
48,31,0
48,32,0
48,33,0
48,34,0
48,35,0
48,36,0
48,37,0
48,38,0
48,39,0
48,40,0
48,41,0
48,42,0
48,43,0
48,44,0
48,45,0
48,46,0
48,47,0
48,48,0
48,49,0
49,0,0
49,1,0
49,2,0
49,3,0
49,4,0
49,5,0
49,6,0
49,7,0
49,8,0
49,9,0
49,10,0
49,11,0
49,12,0
49,13,0
49,14,0
49,15,0
49,16,0
49,17,0
49,18,0
49,19,0
49,20,0
49,21,0
49,22,0
49,23,0
49,24,0
49,25,2.36078e-17
49,26,0
49,27,0
49,28,0
49,29,0
49,30,0
49,31,0
49,32,0
49,33,0
49,34,0
49,35,0
49,36,0
49,37,0
49,38,0
49,39,0
49,40,0
49,41,0
49,42,0
49,43,0
49,44,0
49,45,0
49,46,0
49,47,0
49,48,0
49,49,0
