0,0,0
0,1,0
0,2,0
0,3,0
0,4,0
0,5,0
0,6,0
0,7,0
0,8,0
0,9,0
0,10,0
0,11,0
0,12,0
0,13,0
0,14,0
0,15,0
0,16,0
0,17,0
0,18,0
0,19,0
0,20,0
0,21,0
0,22,0
0,23,0
0,24,0
0,25,0
0,26,0
0,27,0
0,28,0
0,29,0
0,30,0
0,31,0
0,32,0
0,33,0
0,34,0
0,35,0
0,36,0
0,37,0
0,38,0
0,39,0
0,40,0
0,41,0
0,42,0
0,43,0
0,44,0
0,45,0
0,46,0
0,47,0
0,48,0
0,49,0
1,0,0
1,1,0
1,2,0
1,3,0
1,4,0
1,5,0
1,6,0
1,7,0
1,8,0
1,9,0
1,10,0
1,11,0
1,12,0
1,13,0
1,14,0
1,15,0
1,16,0
1,17,0
1,18,0
1,19,0
1,20,0
1,21,0
1,22,0
1,23,0
1,24,0
1,25,0
1,26,0
1,27,0
1,28,0
1,29,0
1,30,0
1,31,0
1,32,0
1,33,0
1,34,0
1,35,0
1,36,0
1,37,0
1,38,0
1,39,0
1,40,0
1,41,0
1,42,0
1,43,0
1,44,0
1,45,0
1,46,0
1,47,0
1,48,0
1,49,0
2,0,0
2,1,0
2,2,0
2,3,0
2,4,0
2,5,0
2,6,0
2,7,0
2,8,0
2,9,0
2,10,0
2,11,0
2,12,0
2,13,0
2,14,0
2,15,0
2,16,0
2,17,0
2,18,0
2,19,0
2,20,0
2,21,0
2,22,0
2,23,0
2,24,0
2,25,0
2,26,0
2,27,0
2,28,0
2,29,0
2,30,0
2,31,0
2,32,0
2,33,0
2,34,0
2,35,0
2,36,0
2,37,0
2,38,0
2,39,0
2,40,0
2,41,0
2,42,0
2,43,0
2,44,0
2,45,0
2,46,0
2,47,0
2,48,0
2,49,0
3,0,0
3,1,0
3,2,0
3,3,0
3,4,0
3,5,0
3,6,0
3,7,0
3,8,0
3,9,0
3,10,0
3,11,0
3,12,0
3,13,0
3,14,0
3,15,0
3,16,0
3,17,0
3,18,0
3,19,0
3,20,0
3,21,0
3,22,0
3,23,0
3,24,0
3,25,3.77725e-16
3,26,0
3,27,0
3,28,0
3,29,0
3,30,0
3,31,0
3,32,0
3,33,0
3,34,0
3,35,0
3,36,0
3,37,0
3,38,0
3,39,0
3,40,0
3,41,0
3,42,0
3,43,0
3,44,0
3,45,0
3,46,0
3,47,0
3,48,0
3,49,0
4,0,0
4,1,0
4,2,0
4,3,0
4,4,0
4,5,0
4,6,0
4,7,0
4,8,0
4,9,0
4,10,0
4,11,0
4,12,0
4,13,0
4,14,0
4,15,0
4,16,0
4,17,0
4,18,0
4,19,0
4,20,0
4,21,0
4,22,0
4,23,0
4,24,8.30995e-15
4,25,3.42548e-14
4,26,8.30995e-15
4,27,0
4,28,0
4,29,0
4,30,0
4,31,0
4,32,0
4,33,0
4,34,0
4,35,0
4,36,0
4,37,0
4,38,0
4,39,0
4,40,0
4,41,0
4,42,0
4,43,0
4,44,0
4,45,0
4,46,0
4,47,0
4,48,0
4,49,0
5,0,0
5,1,0
5,2,0
5,3,0
5,4,0
5,5,0
5,6,0
5,7,0
5,8,0
5,9,0
5,10,0
5,11,0
5,12,0
5,13,0
5,14,0
5,15,0
5,16,0
5,17,0
5,18,0
5,19,0
5,20,0
5,21,0
5,22,0
5,23,8.72545e-14
5,24,7.19351e-13
5,25,1.54809e-12
5,26,7.19351e-13
5,27,8.72545e-14
5,28,0
5,29,0
5,30,0
5,31,0
5,32,0
5,33,0
5,34,0
5,35,0
5,36,0
5,37,0
5,38,0
5,39,0
5,40,0
5,41,0
5,42,0
5,43,0
5,44,0
5,45,0
5,46,0
5,47,0
5,48,0
5,49,0
6,0,0
6,1,0
6,2,0
6,3,0
6,4,0
6,5,0
6,6,0
6,7,0
6,8,0
6,9,0
6,10,0
6,11,0
6,12,0
6,13,0
6,14,0
6,15,0
6,16,0
6,17,0
6,18,0
6,19,0
6,20,0
6,21,0
6,22,5.81696e-13
6,23,7.19351e-12
6,24,2.92251e-11
6,25,4.61983e-11
6,26,2.92251e-11
6,27,7.19351e-12
6,28,5.81696e-13
6,29,0
6,30,0
6,31,0
6,32,0
6,33,0
6,34,0
6,35,0
6,36,0
6,37,0
6,38,0
6,39,0
6,40,0
6,41,0
6,42,0
6,43,0
6,44,0
6,45,0
6,46,0
6,47,0
6,48,0
6,49,0
7,0,0
7,1,0
7,2,0
7,3,0
7,4,0
7,5,0
7,6,0
7,7,0
7,8,0
7,9,0
7,10,0
7,11,0
7,12,0
7,13,0
7,14,0
7,15,0
7,16,0
7,17,0
7,18,0
7,19,0
7,20,0
7,21,2.76306e-12
7,22,4.55589e-11
7,23,2.72199e-10
7,24,7.41811e-10
7,25,1.0027e-09
7,26,7.41811e-10
7,27,2.72199e-10
7,28,4.55589e-11
7,29,2.76306e-12
7,30,0
7,31,0
7,32,0
7,33,0
7,34,0
7,35,0
7,36,0
7,37,0
7,38,0
7,39,0
7,40,0
7,41,0
7,42,0
7,43,0
7,44,0
7,45,0
7,46,0
7,47,0
7,48,0
7,49,0
8,0,0
8,1,0
8,2,0
8,3,0
8,4,0
8,5,0
8,6,0
8,7,0
8,8,0
8,9,0
8,10,0
8,11,0
8,12,0
8,13,0
8,14,0
8,15,0
8,16,0
8,17,0
8,18,0
8,19,0
8,20,9.94701e-12
8,21,2.05015e-10
8,22,1.6172e-09
8,23,6.27346e-09
8,24,1.31782e-08
8,25,1.64311e-08
8,26,1.31782e-08
8,27,6.27346e-09
8,28,1.6172e-09
8,29,2.05015e-10
8,30,9.94701e-12
8,31,0
8,32,0
8,33,0
8,34,0
8,35,0
8,36,0
8,37,0
8,38,0
8,39,0
8,40,0
8,41,0
8,42,0
8,43,0
8,44,0
8,45,0
8,46,0
8,47,0
8,48,0
8,49,0
9,0,0
9,1,0
9,2,0
9,3,0
9,4,0
9,5,0
9,6,0
9,7,0
9,8,0
9,9,0
9,10,0
9,11,0
9,12,0
9,13,0
9,14,0
9,15,0
9,16,0
9,17,0
9,18,0
9,19,2.81832e-11
9,20,6.97051e-10
9,21,6.83358e-09
9,22,3.44334e-08
9,23,9.85403e-08
9,24,1.73421e-07
9,25,2.0655e-07
9,26,1.73421e-07
9,27,9.85403e-08
9,28,3.44334e-08
9,29,6.83358e-09
9,30,6.97051e-10
9,31,2.81832e-11
9,32,0
9,33,0
9,34,0
9,35,0
9,36,0
9,37,0
9,38,0
9,39,0
9,40,0
9,41,0
9,42,0
9,43,0
9,44,0
9,45,0
9,46,0
9,47,0
9,48,0
9,49,0
10,0,0
10,1,0
10,2,0
10,3,0
10,4,0
10,5,0
10,6,0
10,7,0
10,8,0
10,9,0
10,10,0
10,11,0
10,12,0
10,13,0
10,14,0
10,15,0
10,16,0
10,17,0
10,18,6.44187e-11
10,19,1.8588e-09
10,20,2.17872e-08
10,21,1.35151e-07
10,22,4.9072e-07
10,23,1.11817e-06
10,24,1.74134e-06
10,25,2.00895e-06
10,26,1.74134e-06
10,27,1.11817e-06
10,28,4.9072e-07
10,29,1.35151e-07
10,30,2.17872e-08
10,31,1.8588e-09
10,32,6.44187e-11
10,33,0
10,34,0
10,35,0
10,36,0
10,37,0
10,38,0
10,39,0
10,40,0
10,41,0
10,42,0
10,43,0
10,44,0
10,45,0
10,46,0
10,47,0
10,48,0
10,49,0
11,0,0
11,1,0
11,2,0
11,3,0
11,4,0
11,5,0
11,6,0
11,7,0
11,8,0
11,9,0
11,10,0
11,11,0
11,12,0
11,13,0
11,14,0
11,15,0
11,16,0
11,17,1.20785e-10
11,18,3.98315e-09
11,19,5.43352e-08
11,20,4.00572e-07
11,21,1.76533e-06
11,22,4.94954e-06
11,23,9.47817e-06
11,24,1.35351e-05
11,25,1.5207e-05
11,26,1.35351e-05
11,27,9.47817e-06
11,28,4.94954e-06
11,29,1.76533e-06
11,30,4.00572e-07
11,31,5.43352e-08
11,32,3.98315e-09
11,33,1.20785e-10
11,34,0
11,35,0
11,36,0
11,37,0
11,38,0
11,39,0
11,40,0
11,41,0
11,42,0
11,43,0
11,44,0
11,45,0
11,46,0
11,47,0
11,48,0
11,49,0
12,0,0
12,1,0
12,2,0
12,3,0
12,4,0
12,5,0
12,6,0
12,7,0
12,8,0
12,9,0
12,10,0
12,11,0
12,12,0
12,13,0
12,14,0
12,15,0
12,16,1.87888e-10
12,17,6.97051e-09
12,18,1.08493e-07
12,19,9.27233e-07
12,20,4.81257e-06
12,21,1.60566e-05
12,22,3.6484e-05
12,23,6.12169e-05
12,24,8.19455e-05
12,25,9.00064e-05
12,26,8.19455e-05
12,27,6.12169e-05
12,28,3.6484e-05
12,29,1.60566e-05
12,30,4.81257e-06
12,31,9.27233e-07
12,32,1.08493e-07
12,33,6.97051e-09
12,34,1.87888e-10
12,35,0
12,36,0
12,37,0
12,38,0
12,39,0
12,40,0
12,41,0
12,42,0
12,43,0
12,44,0
12,45,0
12,46,0
12,47,0
12,48,0
12,49,0
13,0,0
13,1,0
13,2,0
13,3,0
13,4,0
13,5,0
13,6,0
13,7,0
13,8,0
13,9,0
13,10,0
13,11,0
13,12,0
13,13,0
13,14,0
13,15,2.44254e-10
13,16,1.00685e-08
13,17,1.76117e-07
13,18,1.71304e-06
13,19,1.02465e-05
13,20,3.97368e-05
13,21,0.000104697
13,22,0.000200644
13,23,0.000304978
13,24,0.000387799
13,25,0.000418534
13,26,0.000387799
13,27,0.000304978
13,28,0.000200644
13,29,0.000104697
13,30,3.97368e-05
13,31,1.02465e-05
13,32,1.71304e-06
13,33,1.76117e-07
13,34,1.00685e-08
13,35,2.44254e-10
13,36,0
13,37,0
13,38,0
13,39,0
13,40,0
13,41,0
13,42,0
13,43,0
13,44,0
13,45,0
13,46,0
13,47,0
13,48,0
13,49,0
14,0,0
14,1,0
14,2,0
14,3,0
14,4,0
14,5,0
14,6,0
14,7,0
14,8,0
14,9,0
14,10,0
14,11,0
14,12,0
14,13,0
14,14,2.66459e-10
14,15,1.20822e-08
14,16,2.34685e-07
14,17,2.56143e-06
14,18,1.7372e-05
14,19,7.69748e-05
14,20,0.000231495
14,21,0.000498779
14,22,0.000837608
14,23,0.00118414
14,24,0.00144461
14,25,0.00154125
14,26,0.00144461
14,27,0.00118414
14,28,0.000837608
14,29,0.000498779
14,30,0.000231495
14,31,7.69747e-05
14,32,1.7372e-05
14,33,2.56143e-06
14,34,2.34685e-07
14,35,1.20822e-08
14,36,2.66459e-10
14,37,0
14,38,0
14,39,0
14,40,0
14,41,0
14,42,0
14,43,0
14,44,0
14,45,0
14,46,0
14,47,0
14,48,0
14,49,0
15,0,0
15,1,0
15,2,0
15,3,0
15,4,0
15,5,0
15,6,0
15,7,0
15,8,0
15,9,0
15,10,0
15,11,0
15,12,0
15,13,2.44254e-10
15,14,1.20822e-08
15,15,2.58104e-07
15,16,3.12594e-06
15,17,2.374e-05
15,18,0.000118648
15,19,0.000402805
15,20,0.000967706
15,21,0.00177151
15,22,0.00271365
15,23,0.0036435
15,24,0.00431598
15,25,0.00457354
15,26,0.00431598
15,27,0.0036435
15,28,0.00271365
15,29,0.00177151
15,30,0.000967706
15,31,0.000402805
15,32,0.000118648
15,33,2.374e-05
15,34,3.12594e-06
15,35,2.58104e-07
15,36,1.20822e-08
15,37,2.44254e-10
15,38,0
15,39,0
15,40,0
15,41,0
15,42,0
15,43,0
15,44,0
15,45,0
15,46,0
15,47,0
15,48,0
15,49,0
16,0,0
16,1,0
16,2,0
16,3,0
16,4,0
16,5,0
16,6,0
16,7,0
16,8,0
16,9,0
16,10,0
16,11,0
16,12,1.87888e-10
16,13,1.00685e-08
16,14,2.34685e-07
16,15,3.12594e-06
16,16,2.63256e-05
16,17,0.000146964
16,18,0.000558893
16,19,0.00149207
16,20,0.0029689
16,21,0.00486364
16,22,0.00707758
16,23,0.00919579
16,24,0.010745
16,25,0.0113282
16,26,0.010745
16,27,0.00919579
16,28,0.00707758
16,29,0.00486364
16,30,0.0029689
16,31,0.00149207
16,32,0.000558893
16,33,0.000146964
16,34,2.63256e-05
16,35,3.12594e-06
16,36,2.34685e-07
16,37,1.00685e-08
16,38,1.87888e-10
16,39,0
16,40,0
16,41,0
16,42,0
16,43,0
16,44,0
16,45,0
16,46,0
16,47,0
16,48,0
16,49,0
17,0,0
17,1,0
17,2,0
17,3,0
17,4,0
17,5,0
17,6,0
17,7,0
17,8,0
17,9,0
17,10,0
17,11,1.20785e-10
17,12,6.97051e-09
17,13,1.76117e-07
17,14,2.56143e-06
17,15,2.374e-05
17,16,0.000146964
17,17,0.000622878
17,18,0.00184807
17,19,0.00401782
17,20,0.00703653
17,21,0.011016
17,22,0.0157101
17,23,0.0201468
17,24,0.0235078
17,25,0.0246861
17,26,0.0235078
17,27,0.0201468
17,28,0.0157101
17,29,0.011016
17,30,0.00703653
17,31,0.00401782
17,32,0.00184807
17,33,0.000622878
17,34,0.000146964
17,35,2.374e-05
17,36,2.56143e-06
17,37,1.76117e-07
17,38,6.97051e-09
17,39,1.20785e-10
17,40,0
17,41,0
17,42,0
17,43,0
17,44,0
17,45,0
17,46,0
17,47,0
17,48,0
17,49,0
18,0,0
18,1,0
18,2,0
18,3,0
18,4,0
18,5,0
18,6,0
18,7,0
18,8,0
18,9,0
18,10,6.44187e-11
18,11,3.98315e-09
18,12,1.08493e-07
18,13,1.71304e-06
18,14,1.7372e-05
18,15,0.000118648
18,16,0.000558893
18,17,0.00184807
18,18,0.00443883
18,19,0.00841001
18,20,0.014166
18,21,0.0222108
18,22,0.0314264
18,23,0.0403866
18,24,0.0470588
18,25,0.0494405
18,26,0.0470588
18,27,0.0403866
18,28,0.0314264
18,29,0.0222108
18,30,0.014166
18,31,0.00841001
18,32,0.00443883
18,33,0.00184807
18,34,0.000558893
18,35,0.000118648
18,36,1.7372e-05
18,37,1.71304e-06
18,38,1.08493e-07
18,39,3.98315e-09
18,40,6.44187e-11
18,41,0
18,42,0
18,43,0
18,44,0
18,45,0
18,46,0
18,47,0
18,48,0
18,49,0
19,0,0
19,1,0
19,2,0
19,3,0
19,4,0
19,5,0
19,6,0
19,7,0
19,8,0
19,9,2.81832e-11
19,10,1.8588e-09
19,11,5.43352e-08
19,12,9.27233e-07
19,13,1.02465e-05
19,14,7.69747e-05
19,15,0.000402805
19,16,0.00149207
19,17,0.00401782
19,18,0.00841001
19,19,0.0153662
19,20,0.0263576
19,21,0.0412217
19,22,0.0581204
19,23,0.0748602
19,24,0.0868852
19,25,0.0915607
19,26,0.0868852
19,27,0.0748602
19,28,0.0581204
19,29,0.0412217
19,30,0.0263576
19,31,0.0153662
19,32,0.00841001
19,33,0.00401782
19,34,0.00149207
19,35,0.000402805
19,36,7.69747e-05
19,37,1.02465e-05
19,38,9.27233e-07
19,39,5.43352e-08
19,40,1.8588e-09
19,41,2.81832e-11
19,42,0
19,43,0
19,44,0
19,45,0
19,46,0
19,47,0
19,48,0
19,49,0
20,0,0
20,1,0
20,2,0
20,3,0
20,4,0
20,5,0
20,6,0
20,7,0
20,8,9.94701e-12
20,9,6.97051e-10
20,10,2.17872e-08
20,11,4.00572e-07
20,12,4.81258e-06
20,13,3.97368e-05
20,14,0.000231495
20,15,0.000967706
20,16,0.0029689
20,17,0.00703653
20,18,0.014166
20,19,0.0263576
20,20,0.0451926
20,21,0.0698549
20,22,0.0987035
20,23,0.126681
20,24,0.147262
20,25,0.155167
20,26,0.147262
20,27,0.126681
20,28,0.0987035
20,29,0.0698549
20,30,0.0451926
20,31,0.0263576
20,32,0.014166
20,33,0.00703653
20,34,0.0029689
20,35,0.000967706
20,36,0.000231495
20,37,3.97368e-05
20,38,4.81257e-06
20,39,4.00572e-07
20,40,2.17872e-08
20,41,6.97051e-10
20,42,9.94701e-12
20,43,0
20,44,0
20,45,0
20,46,0
20,47,0
20,48,0
20,49,0
21,0,0
21,1,0
21,2,0
21,3,0
21,4,0
21,5,0
21,6,0
21,7,2.76306e-12
21,8,2.05015e-10
21,9,6.83358e-09
21,10,1.35151e-07
21,11,1.76533e-06
21,12,1.60566e-05
21,13,0.000104697
21,14,0.000498779
21,15,0.00177151
21,16,0.00486364
21,17,0.011016
21,18,0.0222108
21,19,0.0412217
21,20,0.0698549
21,21,0.10811
21,22,0.152831
21,23,0.196256
21,24,0.229313
21,25,0.241739
21,26,0.229313
21,27,0.196256
21,28,0.152831
21,29,0.10811
21,30,0.0698549
21,31,0.0412217
21,32,0.0222108
21,33,0.011016
21,34,0.00486364
21,35,0.00177151
21,36,0.000498779
21,37,0.000104697
21,38,1.60566e-05
21,39,1.76533e-06
21,40,1.35151e-07
21,41,6.83358e-09
21,42,2.05015e-10
21,43,2.76306e-12
21,44,0
21,45,0
21,46,0
21,47,0
21,48,0
21,49,0
22,0,0
22,1,0
22,2,0
22,3,0
22,4,0
22,5,0
22,6,5.81696e-13
22,7,4.55589e-11
22,8,1.6172e-09
22,9,3.44334e-08
22,10,4.9072e-07
22,11,4.94954e-06
22,12,3.6484e-05
22,13,0.000200644
22,14,0.000837608
22,15,0.00271365
22,16,0.00707758
22,17,0.0157101
22,18,0.0314264
22,19,0.0581204
22,20,0.0987035
22,21,0.152831
22,22,0.216231
22,23,0.279646
22,24,0.329197
22,25,0.349471
22,26,0.329197
22,27,0.279646
22,28,0.216231
22,29,0.152831
22,30,0.0987035
22,31,0.0581204
22,32,0.0314264
22,33,0.0157101
22,34,0.00707758
22,35,0.00271365
22,36,0.000837608
22,37,0.000200644
22,38,3.6484e-05
22,39,4.94954e-06
22,40,4.9072e-07
22,41,3.44334e-08
22,42,1.6172e-09
22,43,4.55589e-11
22,44,5.81696e-13
22,45,0
22,46,0
22,47,0
22,48,0
22,49,0
23,0,0
23,1,0
23,2,0
23,3,0
23,4,0
23,5,8.72545e-14
23,6,7.19351e-12
23,7,2.72199e-10
23,8,6.27346e-09
23,9,9.85403e-08
23,10,1.11817e-06
23,11,9.47817e-06
23,12,6.12169e-05
23,13,0.000304978
23,14,0.00118414
23,15,0.0036435
23,16,0.00919579
23,17,0.0201468
23,18,0.0403866
23,19,0.0748602
23,20,0.126681
23,21,0.196256
23,22,0.279646
23,23,0.365705
23,24,0.438788
23,25,0.474532
23,26,0.438788
23,27,0.365705
23,28,0.279646
23,29,0.196256
23,30,0.126681
23,31,0.0748602
23,32,0.0403866
23,33,0.0201468
23,34,0.00919579
23,35,0.0036435
23,36,0.00118414
23,37,0.000304978
23,38,6.12169e-05
23,39,9.47817e-06
23,40,1.11817e-06
23,41,9.85403e-08
23,42,6.27346e-09
23,43,2.72199e-10
23,44,7.19351e-12
23,45,8.72545e-14
23,46,0
23,47,0
23,48,0
23,49,0
24,0,0
24,1,0
24,2,0
24,3,0
24,4,8.30995e-15
24,5,7.19351e-13
24,6,2.92251e-11
24,7,7.41811e-10
24,8,1.31782e-08
24,9,1.73421e-07
24,10,1.74134e-06
24,11,1.35351e-05
24,12,8.19455e-05
24,13,0.000387799
24,14,0.00144461
24,15,0.00431598
24,16,0.010745
24,17,0.0235078
24,18,0.0470588
24,19,0.0868852
24,20,0.147262
24,21,0.229313
24,22,0.329197
24,23,0.438789
24,24,0.546852
24,25,0.627877
24,26,0.546852
24,27,0.438788
24,28,0.329197
24,29,0.229313
24,30,0.147262
24,31,0.0868852
24,32,0.0470588
24,33,0.0235078
24,34,0.010745
24,35,0.00431598
24,36,0.00144461
24,37,0.000387799
24,38,8.19455e-05
24,39,1.35351e-05
24,40,1.74134e-06
24,41,1.73421e-07
24,42,1.31782e-08
24,43,7.41811e-10
24,44,2.92251e-11
24,45,7.19351e-13
24,46,8.30995e-15
24,47,0
24,48,0
24,49,0
25,0,0
25,1,0
25,2,0
25,3,3.77725e-16
25,4,3.42548e-14
25,5,1.54809e-12
25,6,4.61983e-11
25,7,1.0027e-09
25,8,1.64311e-08
25,9,2.0655e-07
25,10,2.00895e-06
25,11,1.5207e-05
25,12,9.00064e-05
25,13,0.000418534
25,14,0.00154125
25,15,0.00457354
25,16,0.0113282
25,17,0.0246861
25,18,0.0494405
25,19,0.0915607
25,20,0.155167
25,21,0.241739
25,22,0.349471
25,23,0.474532
25,24,0.627877
25,25,0.882497
25,26,0.627878
25,27,0.474533
25,28,0.349471
25,29,0.241739
25,30,0.155167
25,31,0.0915607
25,32,0.0494405
25,33,0.0246861
25,34,0.0113282
25,35,0.00457354
25,36,0.00154125
25,37,0.000418534
25,38,9.00064e-05
25,39,1.5207e-05
25,40,2.00895e-06
25,41,2.0655e-07
25,42,1.64311e-08
25,43,1.0027e-09
25,44,4.61983e-11
25,45,1.54809e-12
25,46,3.42548e-14
25,47,3.77725e-16
25,48,0
25,49,0
26,0,0
26,1,0
26,2,0
26,3,0
26,4,8.30995e-15
26,5,7.19351e-13
26,6,2.92251e-11
26,7,7.41811e-10
26,8,1.31782e-08
26,9,1.73421e-07
26,10,1.74134e-06
26,11,1.35351e-05
26,12,8.19455e-05
26,13,0.000387799
26,14,0.00144461
26,15,0.00431598
26,16,0.010745
26,17,0.0235078
26,18,0.0470588
26,19,0.0868852
26,20,0.147262
26,21,0.229313
26,22,0.329197
26,23,0.438789
26,24,0.546852
26,25,0.627877
26,26,0.546852
26,27,0.438788
26,28,0.329197
26,29,0.229313
26,30,0.147262
26,31,0.0868852
26,32,0.0470588
26,33,0.0235078
26,34,0.010745
26,35,0.00431598
26,36,0.00144461
26,37,0.000387799
26,38,8.19455e-05
26,39,1.35351e-05
26,40,1.74134e-06
26,41,1.73421e-07
26,42,1.31782e-08
26,43,7.41811e-10
26,44,2.92251e-11
26,45,7.19351e-13
26,46,8.30995e-15
26,47,0
26,48,0
26,49,0
27,0,0
27,1,0
27,2,0
27,3,0
27,4,0
27,5,8.72545e-14
27,6,7.19351e-12
27,7,2.72199e-10
27,8,6.27346e-09
27,9,9.85403e-08
27,10,1.11817e-06
27,11,9.47817e-06
27,12,6.12169e-05
27,13,0.000304978
27,14,0.00118414
27,15,0.0036435
27,16,0.00919579
27,17,0.0201468
27,18,0.0403866
27,19,0.0748602
27,20,0.126681
27,21,0.196256
27,22,0.279646
27,23,0.365705
27,24,0.438788
27,25,0.474532
27,26,0.438788
27,27,0.365705
27,28,0.279646
27,29,0.196256
27,30,0.126681
27,31,0.0748602
27,32,0.0403866
27,33,0.0201468
27,34,0.00919579
27,35,0.0036435
27,36,0.00118414
27,37,0.000304978
27,38,6.12169e-05
27,39,9.47817e-06
27,40,1.11817e-06
27,41,9.85403e-08
27,42,6.27346e-09
27,43,2.72199e-10
27,44,7.19351e-12
27,45,8.72545e-14
27,46,0
27,47,0
27,48,0
27,49,0
28,0,0
28,1,0
28,2,0
28,3,0
28,4,0
28,5,0
28,6,5.81696e-13
28,7,4.55589e-11
28,8,1.6172e-09
28,9,3.44334e-08
28,10,4.9072e-07
28,11,4.94954e-06
28,12,3.6484e-05
28,13,0.000200644
28,14,0.000837608
28,15,0.00271365
28,16,0.00707758
28,17,0.0157101
28,18,0.0314264
28,19,0.0581204
28,20,0.0987035
28,21,0.152831
28,22,0.216231
28,23,0.279646
28,24,0.329197
28,25,0.349471
28,26,0.329197
28,27,0.279646
28,28,0.216231
28,29,0.152831
28,30,0.0987035
28,31,0.0581204
28,32,0.0314264
28,33,0.0157101
28,34,0.00707758
28,35,0.00271365
28,36,0.000837608
28,37,0.000200644
28,38,3.6484e-05
28,39,4.94954e-06
28,40,4.9072e-07
28,41,3.44334e-08
28,42,1.6172e-09
28,43,4.55589e-11
28,44,5.81696e-13
28,45,0
28,46,0
28,47,0
28,48,0
28,49,0
29,0,0
29,1,0
29,2,0
29,3,0
29,4,0
29,5,0
29,6,0
29,7,2.76306e-12
29,8,2.05015e-10
29,9,6.83358e-09
29,10,1.35151e-07
29,11,1.76533e-06
29,12,1.60566e-05
29,13,0.000104697
29,14,0.000498779
29,15,0.00177151
29,16,0.00486364
29,17,0.011016
29,18,0.0222108
29,19,0.0412217
29,20,0.0698549
29,21,0.10811
29,22,0.152831
29,23,0.196256
29,24,0.229313
29,25,0.241739
29,26,0.229313
29,27,0.196256
29,28,0.152831
29,29,0.10811
29,30,0.0698549
29,31,0.0412217
29,32,0.0222108
29,33,0.011016
29,34,0.00486364
29,35,0.00177151
29,36,0.000498779
29,37,0.000104697
29,38,1.60566e-05
29,39,1.76533e-06
29,40,1.35151e-07
29,41,6.83358e-09
29,42,2.05015e-10
29,43,2.76306e-12
29,44,0
29,45,0
29,46,0
29,47,0
29,48,0
29,49,0
30,0,0
30,1,0
30,2,0
30,3,0
30,4,0
30,5,0
30,6,0
30,7,0
30,8,9.94701e-12
30,9,6.97051e-10
30,10,2.17872e-08
30,11,4.00572e-07
30,12,4.81258e-06
30,13,3.97368e-05
30,14,0.000231495
30,15,0.000967706
30,16,0.0029689
30,17,0.00703653
30,18,0.014166
30,19,0.0263576
30,20,0.0451926
30,21,0.0698549
30,22,0.0987035
30,23,0.126681
30,24,0.147262
30,25,0.155167
30,26,0.147262
30,27,0.126681
30,28,0.0987035
30,29,0.0698549
30,30,0.0451926
30,31,0.0263576
30,32,0.014166
30,33,0.00703653
30,34,0.0029689
30,35,0.000967706
30,36,0.000231495
30,37,3.97368e-05
30,38,4.81257e-06
30,39,4.00572e-07
30,40,2.17872e-08
30,41,6.97051e-10
30,42,9.94701e-12
30,43,0
30,44,0
30,45,0
30,46,0
30,47,0
30,48,0
30,49,0
31,0,0
31,1,0
31,2,0
31,3,0
31,4,0
31,5,0
31,6,0
31,7,0
31,8,0
31,9,2.81832e-11
31,10,1.8588e-09
31,11,5.43352e-08
31,12,9.27233e-07
31,13,1.02465e-05
31,14,7.69747e-05
31,15,0.000402805
31,16,0.00149207
31,17,0.00401782
31,18,0.00841001
31,19,0.0153662
31,20,0.0263576
31,21,0.0412217
31,22,0.0581204
31,23,0.0748602
31,24,0.0868852
31,25,0.0915607
31,26,0.0868852
31,27,0.0748602
31,28,0.0581204
31,29,0.0412217
31,30,0.0263576
31,31,0.0153662
31,32,0.00841001
31,33,0.00401782
31,34,0.00149207
31,35,0.000402805
31,36,7.69747e-05
31,37,1.02465e-05
31,38,9.27233e-07
31,39,5.43352e-08
31,40,1.8588e-09
31,41,2.81832e-11
31,42,0
31,43,0
31,44,0
31,45,0
31,46,0
31,47,0
31,48,0
31,49,0
32,0,0
32,1,0
32,2,0
32,3,0
32,4,0
32,5,0
32,6,0
32,7,0
32,8,0
32,9,0
32,10,6.44187e-11
32,11,3.98315e-09
32,12,1.08493e-07
32,13,1.71304e-06
32,14,1.7372e-05
32,15,0.000118648
32,16,0.000558893
32,17,0.00184807
32,18,0.00443883
32,19,0.00841001
32,20,0.014166
32,21,0.0222108
32,22,0.0314264
32,23,0.0403866
32,24,0.0470588
32,25,0.0494405
32,26,0.0470588
32,27,0.0403866
32,28,0.0314264
32,29,0.0222108
32,30,0.014166
32,31,0.00841001
32,32,0.00443883
32,33,0.00184807
32,34,0.000558893
32,35,0.000118648
32,36,1.7372e-05
32,37,1.71304e-06
32,38,1.08493e-07
32,39,3.98315e-09
32,40,6.44187e-11
32,41,0
32,42,0
32,43,0
32,44,0
32,45,0
32,46,0
32,47,0
32,48,0
32,49,0
33,0,0
33,1,0
33,2,0
33,3,0
33,4,0
33,5,0
33,6,0
33,7,0
33,8,0
33,9,0
33,10,0
33,11,1.20785e-10
33,12,6.97051e-09
33,13,1.76117e-07
33,14,2.56143e-06
33,15,2.374e-05
33,16,0.000146964
33,17,0.000622878
33,18,0.00184807
33,19,0.00401782
33,20,0.00703653
33,21,0.011016
33,22,0.0157101
33,23,0.0201468
33,24,0.0235078
33,25,0.0246861
33,26,0.0235078
33,27,0.0201468
33,28,0.0157101
33,29,0.011016
33,30,0.00703653
33,31,0.00401782
33,32,0.00184807
33,33,0.000622878
33,34,0.000146964
33,35,2.374e-05
33,36,2.56143e-06
33,37,1.76117e-07
33,38,6.97051e-09
33,39,1.20785e-10
33,40,0
33,41,0
33,42,0
33,43,0
33,44,0
33,45,0
33,46,0
33,47,0
33,48,0
33,49,0
34,0,0
34,1,0
34,2,0
34,3,0
34,4,0
34,5,0
34,6,0
34,7,0
34,8,0
34,9,0
34,10,0
34,11,0
34,12,1.87888e-10
34,13,1.00685e-08
34,14,2.34685e-07
34,15,3.12594e-06
34,16,2.63256e-05
34,17,0.000146964
34,18,0.000558893
34,19,0.00149207
34,20,0.0029689
34,21,0.00486364
34,22,0.00707758
34,23,0.00919579
34,24,0.010745
34,25,0.0113282
34,26,0.010745
34,27,0.00919579
34,28,0.00707758
34,29,0.00486364
34,30,0.0029689
34,31,0.00149207
34,32,0.000558893
34,33,0.000146964
34,34,2.63256e-05
34,35,3.12594e-06
34,36,2.34685e-07
34,37,1.00685e-08
34,38,1.87888e-10
34,39,0
34,40,0
34,41,0
34,42,0
34,43,0
34,44,0
34,45,0
34,46,0
34,47,0
34,48,0
34,49,0
35,0,0
35,1,0
35,2,0
35,3,0
35,4,0
35,5,0
35,6,0
35,7,0
35,8,0
35,9,0
35,10,0
35,11,0
35,12,0
35,13,2.44254e-10
35,14,1.20822e-08
35,15,2.58104e-07
35,16,3.12594e-06
35,17,2.374e-05
35,18,0.000118648
35,19,0.000402805
35,20,0.000967706
35,21,0.00177151
35,22,0.00271365
35,23,0.0036435
35,24,0.00431598
35,25,0.00457354
35,26,0.00431598
35,27,0.0036435
35,28,0.00271365
35,29,0.00177151
35,30,0.000967706
35,31,0.000402805
35,32,0.000118648
35,33,2.374e-05
35,34,3.12594e-06
35,35,2.58104e-07
35,36,1.20822e-08
35,37,2.44254e-10
35,38,0
35,39,0
35,40,0
35,41,0
35,42,0
35,43,0
35,44,0
35,45,0
35,46,0
35,47,0
35,48,0
35,49,0
36,0,0
36,1,0
36,2,0
36,3,0
36,4,0
36,5,0
36,6,0
36,7,0
36,8,0
36,9,0
36,10,0
36,11,0
36,12,0
36,13,0
36,14,2.66459e-10
36,15,1.20822e-08
36,16,2.34685e-07
36,17,2.56143e-06
36,18,1.7372e-05
36,19,7.69748e-05
36,20,0.000231495
36,21,0.000498779
36,22,0.000837608
36,23,0.00118414
36,24,0.00144461
36,25,0.00154125
36,26,0.00144461
36,27,0.00118414
36,28,0.000837608
36,29,0.000498779
36,30,0.000231495
36,31,7.69747e-05
36,32,1.7372e-05
36,33,2.56143e-06
36,34,2.34685e-07
36,35,1.20822e-08
36,36,2.66459e-10
36,37,0
36,38,0
36,39,0
36,40,0
36,41,0
36,42,0
36,43,0
36,44,0
36,45,0
36,46,0
36,47,0
36,48,0
36,49,0
37,0,0
37,1,0
37,2,0
37,3,0
37,4,0
37,5,0
37,6,0
37,7,0
37,8,0
37,9,0
37,10,0
37,11,0
37,12,0
37,13,0
37,14,0
37,15,2.44254e-10
37,16,1.00685e-08
37,17,1.76117e-07
37,18,1.71304e-06
37,19,1.02465e-05
37,20,3.97368e-05
37,21,0.000104697
37,22,0.000200644
37,23,0.000304978
37,24,0.000387799
37,25,0.000418534
37,26,0.000387799
37,27,0.000304978
37,28,0.000200644
37,29,0.000104697
37,30,3.97368e-05
37,31,1.02465e-05
37,32,1.71304e-06
37,33,1.76117e-07
37,34,1.00685e-08
37,35,2.44254e-10
37,36,0
37,37,0
37,38,0
37,39,0
37,40,0
37,41,0
37,42,0
37,43,0
37,44,0
37,45,0
37,46,0
37,47,0
37,48,0
37,49,0
38,0,0
38,1,0
38,2,0
38,3,0
38,4,0
38,5,0
38,6,0
38,7,0
38,8,0
38,9,0
38,10,0
38,11,0
38,12,0
38,13,0
38,14,0
38,15,0
38,16,1.87888e-10
38,17,6.97051e-09
38,18,1.08493e-07
38,19,9.27233e-07
38,20,4.81257e-06
38,21,1.60566e-05
38,22,3.6484e-05
38,23,6.12169e-05
38,24,8.19455e-05
38,25,9.00064e-05
38,26,8.19455e-05
38,27,6.12169e-05
38,28,3.6484e-05
38,29,1.60566e-05
38,30,4.81257e-06
38,31,9.27233e-07
38,32,1.08493e-07
38,33,6.97051e-09
38,34,1.87888e-10
38,35,0
38,36,0
38,37,0
38,38,0
38,39,0
38,40,0
38,41,0
38,42,0
38,43,0
38,44,0
38,45,0
38,46,0
38,47,0
38,48,0
38,49,0
39,0,0
39,1,0
39,2,0
39,3,0
39,4,0
39,5,0
39,6,0
39,7,0
39,8,0
39,9,0
39,10,0
39,11,0
39,12,0
39,13,0
39,14,0
39,15,0
39,16,0
39,17,1.20785e-10
39,18,3.98315e-09
39,19,5.43352e-08
39,20,4.00572e-07
39,21,1.76533e-06
39,22,4.94954e-06
39,23,9.47817e-06
39,24,1.35351e-05
39,25,1.5207e-05
39,26,1.35351e-05
39,27,9.47817e-06
39,28,4.94954e-06
39,29,1.76533e-06
39,30,4.00572e-07
39,31,5.43352e-08
39,32,3.98315e-09
39,33,1.20785e-10
39,34,0
39,35,0
39,36,0
39,37,0
39,38,0
39,39,0
39,40,0
39,41,0
39,42,0
39,43,0
39,44,0
39,45,0
39,46,0
39,47,0
39,48,0
39,49,0
40,0,0
40,1,0
40,2,0
40,3,0
40,4,0
40,5,0
40,6,0
40,7,0
40,8,0
40,9,0
40,10,0
40,11,0
40,12,0
40,13,0
40,14,0
40,15,0
40,16,0
40,17,0
40,18,6.44187e-11
40,19,1.8588e-09
40,20,2.17872e-08
40,21,1.35151e-07
40,22,4.9072e-07
40,23,1.11817e-06
40,24,1.74134e-06
40,25,2.00895e-06
40,26,1.74134e-06
40,27,1.11817e-06
40,28,4.9072e-07
40,29,1.35151e-07
40,30,2.17872e-08
40,31,1.8588e-09
40,32,6.44187e-11
40,33,0
40,34,0
40,35,0
40,36,0
40,37,0
40,38,0
40,39,0
40,40,0
40,41,0
40,42,0
40,43,0
40,44,0
40,45,0
40,46,0
40,47,0
40,48,0
40,49,0
41,0,0
41,1,0
41,2,0
41,3,0
41,4,0
41,5,0
41,6,0
41,7,0
41,8,0
41,9,0
41,10,0
41,11,0
41,12,0
41,13,0
41,14,0
41,15,0
41,16,0
41,17,0
41,18,0
41,19,2.81832e-11
41,20,6.97051e-10
41,21,6.83358e-09
41,22,3.44334e-08
41,23,9.85403e-08
41,24,1.73421e-07
41,25,2.0655e-07
41,26,1.73421e-07
41,27,9.85403e-08
41,28,3.44334e-08
41,29,6.83358e-09
41,30,6.97051e-10
41,31,2.81832e-11
41,32,0
41,33,0
41,34,0
41,35,0
41,36,0
41,37,0
41,38,0
41,39,0
41,40,0
41,41,0
41,42,0
41,43,0
41,44,0
41,45,0
41,46,0
41,47,0
41,48,0
41,49,0
42,0,0
42,1,0
42,2,0
42,3,0
42,4,0
42,5,0
42,6,0
42,7,0
42,8,0
42,9,0
42,10,0
42,11,0
42,12,0
42,13,0
42,14,0
42,15,0
42,16,0
42,17,0
42,18,0
42,19,0
42,20,9.94701e-12
42,21,2.05015e-10
42,22,1.6172e-09
42,23,6.27346e-09
42,24,1.31782e-08
42,25,1.64311e-08
42,26,1.31782e-08
42,27,6.27346e-09
42,28,1.6172e-09
42,29,2.05015e-10
42,30,9.94701e-12
42,31,0
42,32,0
42,33,0
42,34,0
42,35,0
42,36,0
42,37,0
42,38,0
42,39,0
42,40,0
42,41,0
42,42,0
42,43,0
42,44,0
42,45,0
42,46,0
42,47,0
42,48,0
42,49,0
43,0,0
43,1,0
43,2,0
43,3,0
43,4,0
43,5,0
43,6,0
43,7,0
43,8,0
43,9,0
43,10,0
43,11,0
43,12,0
43,13,0
43,14,0
43,15,0
43,16,0
43,17,0
43,18,0
43,19,0
43,20,0
43,21,2.76306e-12
43,22,4.55589e-11
43,23,2.72199e-10
43,24,7.41811e-10
43,25,1.0027e-09
43,26,7.41811e-10
43,27,2.72199e-10
43,28,4.55589e-11
43,29,2.76306e-12
43,30,0
43,31,0
43,32,0
43,33,0
43,34,0
43,35,0
43,36,0
43,37,0
43,38,0
43,39,0
43,40,0
43,41,0
43,42,0
43,43,0
43,44,0
43,45,0
43,46,0
43,47,0
43,48,0
43,49,0
44,0,0
44,1,0
44,2,0
44,3,0
44,4,0
44,5,0
44,6,0
44,7,0
44,8,0
44,9,0
44,10,0
44,11,0
44,12,0
44,13,0
44,14,0
44,15,0
44,16,0
44,17,0
44,18,0
44,19,0
44,20,0
44,21,0
44,22,5.81696e-13
44,23,7.19351e-12
44,24,2.92251e-11
44,25,4.61983e-11
44,26,2.92251e-11
44,27,7.19351e-12
44,28,5.81696e-13
44,29,0
44,30,0
44,31,0
44,32,0
44,33,0
44,34,0
44,35,0
44,36,0
44,37,0
44,38,0
44,39,0
44,40,0
44,41,0
44,42,0
44,43,0
44,44,0
44,45,0
44,46,0
44,47,0
44,48,0
44,49,0
45,0,0
45,1,0
45,2,0
45,3,0
45,4,0
45,5,0
45,6,0
45,7,0
45,8,0
45,9,0
45,10,0
45,11,0
45,12,0
45,13,0
45,14,0
45,15,0
45,16,0
45,17,0
45,18,0
45,19,0
45,20,0
45,21,0
45,22,0
45,23,8.72545e-14
45,24,7.19351e-13
45,25,1.54809e-12
45,26,7.19351e-13
45,27,8.72545e-14
45,28,0
45,29,0
45,30,0
45,31,0
45,32,0
45,33,0
45,34,0
45,35,0
45,36,0
45,37,0
45,38,0
45,39,0
45,40,0
45,41,0
45,42,0
45,43,0
45,44,0
45,45,0
45,46,0
45,47,0
45,48,0
45,49,0
46,0,0
46,1,0
46,2,0
46,3,0
46,4,0
46,5,0
46,6,0
46,7,0
46,8,0
46,9,0
46,10,0
46,11,0
46,12,0
46,13,0
46,14,0
46,15,0
46,16,0
46,17,0
46,18,0
46,19,0
46,20,0
46,21,0
46,22,0
46,23,0
46,24,8.30995e-15
46,25,3.42548e-14
46,26,8.30995e-15
46,27,0
46,28,0
46,29,0
46,30,0
46,31,0
46,32,0
46,33,0
46,34,0
46,35,0
46,36,0
46,37,0
46,38,0
46,39,0
46,40,0
46,41,0
46,42,0
46,43,0
46,44,0
46,45,0
46,46,0
46,47,0
46,48,0
46,49,0
47,0,0
47,1,0
47,2,0
47,3,0
47,4,0
47,5,0
47,6,0
47,7,0
47,8,0
47,9,0
47,10,0
47,11,0
47,12,0
47,13,0
47,14,0
47,15,0
47,16,0
47,17,0
47,18,0
47,19,0
47,20,0
47,21,0
47,22,0
47,23,0
47,24,0
47,25,3.77725e-16
47,26,0
47,27,0
47,28,0
47,29,0
47,30,0
47,31,0
47,32,0
47,33,0
47,34,0
47,35,0
47,36,0
47,37,0
47,38,0
47,39,0
47,40,0
47,41,0
47,42,0
47,43,0
47,44,0
47,45,0
47,46,0
47,47,0
47,48,0
47,49,0
48,0,0
48,1,0
48,2,0
48,3,0
48,4,0
48,5,0
48,6,0
48,7,0
48,8,0
48,9,0
48,10,0
48,11,0
48,12,0
48,13,0
48,14,0
48,15,0
48,16,0
48,17,0
48,18,0
48,19,0
48,20,0
48,21,0
48,22,0
48,23,0
48,24,0
48,25,0
48,26,0
48,27,0
48,28,0
48,29,0
48,30,0
48,31,0
48,32,0
48,33,0
48,34,0
48,35,0
48,36,0
48,37,0
48,38,0
48,39,0
48,40,0
48,41,0
48,42,0
48,43,0
48,44,0
48,45,0
48,46,0
48,47,0
48,48,0
48,49,0
49,0,0
49,1,0
49,2,0
49,3,0
49,4,0
49,5,0
49,6,0
49,7,0
49,8,0
49,9,0
49,10,0
49,11,0
49,12,0
49,13,0
49,14,0
49,15,0
49,16,0
49,17,0
49,18,0
49,19,0
49,20,0
49,21,0
49,22,0
49,23,0
49,24,0
49,25,0
49,26,0
49,27,0
49,28,0
49,29,0
49,30,0
49,31,0
49,32,0
49,33,0
49,34,0
49,35,0
49,36,0
49,37,0
49,38,0
49,39,0
49,40,0
49,41,0
49,42,0
49,43,0
49,44,0
49,45,0
49,46,0
49,47,0
49,48,0
49,49,0
