0,0,0
0,1,0
0,2,0
0,3,0
0,4,0
0,5,0
0,6,0
0,7,0
0,8,0
0,9,0
0,10,0
0,11,0
0,12,0
0,13,0
0,14,0
0,15,0
0,16,0
0,17,0
0,18,0
0,19,0
0,20,0
0,21,0
0,22,0
0,23,0
0,24,0
0,25,0
0,26,0
0,27,0
0,28,0
0,29,0
0,30,0
0,31,0
0,32,0
0,33,0
0,34,0
0,35,0
0,36,0
0,37,0
0,38,0
0,39,0
0,40,0
0,41,0
0,42,0
0,43,0
0,44,0
0,45,0
0,46,0
0,47,0
0,48,0
0,49,0
1,0,0
1,1,0
1,2,0
1,3,0
1,4,0
1,5,0
1,6,0
1,7,0
1,8,0
1,9,0
1,10,0
1,11,0
1,12,0
1,13,0
1,14,0
1,15,0
1,16,0
1,17,0
1,18,0
1,19,0
1,20,0
1,21,0
1,22,0
1,23,0
1,24,1.47549e-16
1,25,6.06055e-16
1,26,1.47549e-16
1,27,0
1,28,0
1,29,0
1,30,0
1,31,0
1,32,0
1,33,0
1,34,0
1,35,0
1,36,0
1,37,0
1,38,0
1,39,0
1,40,0
1,41,0
1,42,0
1,43,0
1,44,0
1,45,0
1,46,0
1,47,0
1,48,0
1,49,0
2,0,0
2,1,0
2,2,0
2,3,0
2,4,0
2,5,0
2,6,0
2,7,0
2,8,0
2,9,0
2,10,0
2,11,0
2,12,0
2,13,0
2,14,0
2,15,0
2,16,0
2,17,0
2,18,0
2,19,0
2,20,0
2,21,0
2,22,0
2,23,1.77059e-15
2,24,1.45453e-14
2,25,3.14439e-14
2,26,1.45453e-14
2,27,1.77059e-15
2,28,0
2,29,0
2,30,0
2,31,0
2,32,0
2,33,0
2,34,0
2,35,0
2,36,0
2,37,0
2,38,0
2,39,0
2,40,0
2,41,0
2,42,0
2,43,0
2,44,0
2,45,0
2,46,0
2,47,0
2,48,0
2,49,0
3,0,0
3,1,0
3,2,0
3,3,0
3,4,0
3,5,0
3,6,0
3,7,0
3,8,0
3,9,0
3,10,0
3,11,0
3,12,0
3,13,0
3,14,0
3,15,0
3,16,0
3,17,0
3,18,0
3,19,0
3,20,0
3,21,0
3,22,1.35745e-14
3,23,1.67271e-13
3,24,6.82633e-13
3,25,1.09013e-12
3,26,6.82633e-13
3,27,1.67271e-13
3,28,1.35745e-14
3,29,0
3,30,0
3,31,0
3,32,0
3,33,0
3,34,0
3,35,0
3,36,0
3,37,0
3,38,0
3,39,0
3,40,0
3,41,0
3,42,0
3,43,0
3,44,0
3,45,0
3,46,0
3,47,0
3,48,0
3,49,0
4,0,0
4,1,0
4,2,0
4,3,0
4,4,0
4,5,0
4,6,0
4,7,0
4,8,0
4,9,0
4,10,0
4,11,0
4,12,0
4,13,0
4,14,0
4,15,0
4,16,0
4,17,0
4,18,0
4,19,0
4,20,0
4,21,7.46597e-14
4,22,1.22665e-12
4,23,7.36142e-12
4,24,2.03175e-11
4,25,2.77941e-11
4,26,2.03175e-11
4,27,7.36142e-12
4,28,1.22665e-12
4,29,7.46597e-14
4,30,0
4,31,0
4,32,0
4,33,0
4,34,0
4,35,0
4,36,0
4,37,0
4,38,0
4,39,0
4,40,0
4,41,0
4,42,0
4,43,0
4,44,0
4,45,0
4,46,0
4,47,0
4,48,0
4,49,0
5,0,0
5,1,0
5,2,0
5,3,0
5,4,0
5,5,0
5,6,0
5,7,0
5,8,0
5,9,0
5,10,0
5,11,0
5,12,0
5,13,0
5,14,0
5,15,0
5,16,0
5,17,0
5,18,0
5,19,0
5,20,3.13571e-13
5,21,6.43994e-12
5,22,5.10209e-11
5,23,2.00621e-10
5,24,4.29769e-10
5,25,5.41686e-10
5,26,4.29769e-10
5,27,2.00621e-10
5,28,5.10209e-11
5,29,6.43994e-12
5,30,3.13571e-13
5,31,0
5,32,0
5,33,0
5,34,0
5,35,0
5,36,0
5,37,0
5,38,0
5,39,0
5,40,0
5,41,0
5,42,0
5,43,0
5,44,0
5,45,0
5,46,0
5,47,0
5,48,0
5,49,0
6,0,0
6,1,0
6,2,0
6,3,0
6,4,0
6,5,0
6,6,0
6,7,0
6,8,0
6,9,0
6,10,0
6,11,0
6,12,0
6,13,0
6,14,0
6,15,0
6,16,0
6,17,0
6,18,0
6,19,1.04524e-12
6,20,2.57597e-11
6,21,2.53611e-10
6,22,1.29577e-09
6,23,3.79484e-09
6,24,6.84162e-09
6,25,8.22044e-09
6,26,6.84162e-09
6,27,3.79485e-09
6,28,1.29577e-09
6,29,2.53611e-10
6,30,2.57597e-11
6,31,1.04524e-12
6,32,0
6,33,0
6,34,0
6,35,0
6,36,0
6,37,0
6,38,0
6,39,0
6,40,0
6,41,0
6,42,0
6,43,0
6,44,0
6,45,0
6,46,0
6,47,0
6,48,0
6,49,0
7,0,0
7,1,0
7,2,0
7,3,0
7,4,0
7,5,0
7,6,0
7,7,0
7,8,0
7,9,0
7,10,0
7,11,0
7,12,0
7,13,0
7,14,0
7,15,0
7,16,0
7,17,0
7,18,2.83707e-12
7,19,8.15725e-11
7,20,9.60064e-10
7,21,6.03898e-09
7,22,2.24788e-08
7,23,5.28862e-08
7,24,8.4516e-08
7,25,9.82449e-08
7,26,8.4516e-08
7,27,5.28862e-08
7,28,2.24788e-08
7,29,6.03898e-09
7,30,9.60064e-10
7,31,8.15725e-11
7,32,2.83707e-12
7,33,0
7,34,0
7,35,0
7,36,0
7,37,0
7,38,0
7,39,0
7,40,0
7,41,0
7,42,0
7,43,0
7,44,0
7,45,0
7,46,0
7,47,0
7,48,0
7,49,0
8,0,0
8,1,0
8,2,0
8,3,0
8,4,0
8,5,0
8,6,0
8,7,0
8,8,0
8,9,0
8,10,0
8,11,0
8,12,0
8,13,0
8,14,0
8,15,0
8,16,0
8,17,6.3834e-12
8,18,2.09758e-10
8,19,2.87273e-09
8,20,2.14724e-08
8,21,9.70881e-08
8,22,2.82379e-07
8,23,5.6213e-07
8,24,8.23298e-07
8,25,9.3212e-07
8,26,8.23298e-07
8,27,5.6213e-07
8,28,2.82379e-07
8,29,9.70881e-08
8,30,2.14724e-08
8,31,2.87273e-09
8,32,2.09758e-10
8,33,6.3834e-12
8,34,0
8,35,0
8,36,0
8,37,0
8,38,0
8,39,0
8,40,0
8,41,0
8,42,0
8,43,0
8,44,0
8,45,0
8,46,0
8,47,0
8,48,0
8,49,0
9,0,0
9,1,0
9,2,0
9,3,0
9,4,0
9,5,0
9,6,0
9,7,0
9,8,0
9,9,0
9,10,0
9,11,0
9,12,0
9,13,0
9,14,0
9,15,0
9,16,1.20575e-11
9,17,4.45736e-10
9,18,6.96396e-09
9,19,6.03258e-08
9,20,3.21292e-07
9,21,1.11489e-06
9,22,2.65772e-06
9,23,4.6507e-06
9,24,6.37435e-06
9,25,7.05974e-06
9,26,6.37435e-06
9,27,4.6507e-06
9,28,2.65771e-06
9,29,1.11489e-06
9,30,3.21292e-07
9,31,6.03258e-08
9,32,6.96396e-09
9,33,4.45736e-10
9,34,1.20575e-11
9,35,0
9,36,0
9,37,0
9,38,0
9,39,0
9,40,0
9,41,0
9,42,0
9,43,0
9,44,0
9,45,0
9,46,0
9,47,0
9,48,0
9,49,0
10,0,0
10,1,0
10,2,0
10,3,0
10,4,0
10,5,0
10,6,0
10,7,0
10,8,0
10,9,0
10,10,0
10,11,0
10,12,0
10,13,0
10,14,0
10,15,1.92921e-11
10,16,7.92419e-10
10,17,1.39102e-08
10,18,1.37079e-07
10,19,8.41082e-07
10,20,3.39609e-06
10,21,9.44278e-06
10,22,1.914e-05
10,23,3.02952e-05
10,24,3.93681e-05
10,25,4.28295e-05
10,26,3.93681e-05
10,27,3.02952e-05
10,28,1.914e-05
10,29,9.44278e-06
10,30,3.39609e-06
10,31,8.41082e-07
10,32,1.37078e-07
10,33,1.39102e-08
10,34,7.92419e-10
10,35,1.92921e-11
10,36,0
10,37,0
10,38,0
10,39,0
10,40,0
10,41,0
10,42,0
10,43,0
10,44,0
10,45,0
10,46,0
10,47,0
10,48,0
10,49,0
11,0,0
11,1,0
11,2,0
11,3,0
11,4,0
11,5,0
11,6,0
11,7,0
11,8,0
11,9,0
11,10,0
11,11,0
11,12,0
11,13,0
11,14,2.63074e-11
11,15,1.18863e-09
11,16,2.31635e-08
11,17,2.55982e-07
11,18,1.77947e-06
11,19,8.20784e-06
11,20,2.61264e-05
11,21,6.01546e-05
11,22,0.00010692
11,23,0.000156361
11,24,0.000194389
11,25,0.000208586
11,26,0.000194389
11,27,0.000156361
11,28,0.00010692
11,29,6.01546e-05
11,30,2.61264e-05
11,31,8.20784e-06
11,32,1.77947e-06
11,33,2.55982e-07
11,34,2.31635e-08
11,35,1.18863e-09
11,36,2.63074e-11
11,37,0
11,38,0
11,39,0
11,40,0
11,41,0
11,42,0
11,43,0
11,44,0
11,45,0
11,46,0
11,47,0
11,48,0
11,49,0
12,0,0
12,1,0
12,2,0
12,3,0
12,4,0
12,5,0
12,6,0
12,7,0
12,8,0
12,9,0
12,10,0
12,11,0
12,12,0
12,13,3.06919e-11
12,14,1.5128e-09
12,15,3.24114e-08
12,16,3.97138e-07
12,17,3.08745e-06
12,18,1.60408e-05
12,19,5.76505e-05
12,20,0.000148847
12,21,0.00029222
12,22,0.000468103
12,23,0.000642582
12,24,0.000770512
12,25,0.000818138
12,26,0.000770512
12,27,0.000642582
12,28,0.000468103
12,29,0.00029222
12,30,0.000148847
12,31,5.76505e-05
12,32,1.60408e-05
12,33,3.08745e-06
12,34,3.97138e-07
12,35,3.24114e-08
12,36,1.5128e-09
12,37,3.06919e-11
12,38,0
12,39,0
12,40,0
12,41,0
12,42,0
12,43,0
12,44,0
12,45,0
12,46,0
12,47,0
12,48,0
12,49,0
13,0,0
13,1,0
13,2,0
13,3,0
13,4,0
13,5,0
13,6,0
13,7,0
13,8,0
13,9,0
13,10,0
13,11,0
13,12,3.06919e-11
13,13,1.63887e-09
13,14,3.82944e-08
13,15,5.15501e-07
13,16,4.436e-06
13,17,2.56769e-05
13,18,0.000103111
13,19,0.000295955
13,20,0.000636007
13,21,0.00109774
13,22,0.00162516
13,23,0.00212201
13,24,0.00247663
13,25,0.00260765
13,26,0.00247663
13,27,0.00212201
13,28,0.00162516
13,29,0.00109774
13,30,0.000636007
13,31,0.000295955
13,32,0.000103111
13,33,2.56769e-05
13,34,4.436e-06
13,35,5.15501e-07
13,36,3.82944e-08
13,37,1.63887e-09
13,38,3.06919e-11
13,39,0
13,40,0
13,41,0
13,42,0
13,43,0
13,44,0
13,45,0
13,46,0
13,47,0
13,48,0
13,49,0
14,0,0
14,1,0
14,2,0
14,3,0
14,4,0
14,5,0
14,6,0
14,7,0
14,8,0
14,9,0
14,10,0
14,11,2.63074e-11
14,12,1.5128e-09
14,13,3.82944e-08
14,14,5.6209e-07
14,15,5.30966e-06
14,16,3.39457e-05
14,17,0.0001511
14,18,0.000479374
14,19,0.00112344
14,20,0.00207313
14,21,0.00325967
14,22,0.00456521
14,23,0.0057514
14,24,0.00659818
14,25,0.00690076
14,26,0.00659818
14,27,0.0057514
14,28,0.00456521
14,29,0.00325967
14,30,0.00207313
14,31,0.00112344
14,32,0.000479374
14,33,0.0001511
14,34,3.39457e-05
14,35,5.30966e-06
14,36,5.6209e-07
14,37,3.82944e-08
14,38,1.5128e-09
14,39,2.63074e-11
14,40,0
14,41,0
14,42,0
14,43,0
14,44,0
14,45,0
14,46,0
14,47,0
14,48,0
14,49,0
15,0,0
15,1,0
15,2,0
15,3,0
15,4,0
15,5,0
15,6,0
15,7,0
15,8,0
15,9,0
15,10,1.92921e-11
15,11,1.18863e-09
15,12,3.24114e-08
15,13,5.15501e-07
15,14,5.30966e-06
15,15,3.72375e-05
15,16,0.000182624
15,17,0.000638141
15,18,0.00163108
15,19,0.00321784
15,20,0.0053357
15,21,0.00795096
15,22,0.0107615
15,23,0.0133034
15,24,0.0151196
15,25,0.0157548
15,26,0.0151196
15,27,0.0133034
15,28,0.0107615
15,29,0.00795096
15,30,0.0053357
15,31,0.00321784
15,32,0.00163108
15,33,0.000638141
15,34,0.000182624
15,35,3.72375e-05
15,36,5.30966e-06
15,37,5.15501e-07
15,38,3.24114e-08
15,39,1.18863e-09
15,40,1.92921e-11
15,41,0
15,42,0
15,43,0
15,44,0
15,45,0
15,46,0
15,47,0
15,48,0
15,49,0
16,0,0
16,1,0
16,2,0
16,3,0
16,4,0
16,5,0
16,6,0
16,7,0
16,8,0
16,9,1.20575e-11
16,10,7.92419e-10
16,11,2.31635e-08
16,12,3.97138e-07
16,13,4.436e-06
16,14,3.39457e-05
16,15,0.000182624
16,16,0.000701616
16,17,0.00196167
16,18,0.00416465
16,19,0.00729782
16,20,0.0115394
16,21,0.0168242
16,22,0.0224065
16,23,0.0275418
16,24,0.0311129
16,25,0.0324185
16,26,0.0311129
16,27,0.0275418
16,28,0.0224065
16,29,0.0168242
16,30,0.0115394
16,31,0.00729782
16,32,0.00416465
16,33,0.00196167
16,34,0.000701616
16,35,0.000182624
16,36,3.39457e-05
16,37,4.436e-06
16,38,3.97138e-07
16,39,2.31635e-08
16,40,7.92419e-10
16,41,1.20575e-11
16,42,0
16,43,0
16,44,0
16,45,0
16,46,0
16,47,0
16,48,0
16,49,0
17,0,0
17,1,0
17,2,0
17,3,0
17,4,0
17,5,0
17,6,0
17,7,0
17,8,6.3834e-12
17,9,4.45736e-10
17,10,1.39102e-08
17,11,2.55982e-07
17,12,3.08745e-06
17,13,2.56769e-05
17,14,0.0001511
17,15,0.000638141
17,16,0.00196167
17,17,0.00453406
17,18,0.00849185
17,19,0.0142799
17,20,0.0224832
17,21,0.032402
17,22,0.0429143
17,23,0.052482
17,24,0.0590098
17,25,0.0614736
17,26,0.0590098
17,27,0.052482
17,28,0.0429143
17,29,0.032402
17,30,0.0224832
17,31,0.0142799
17,32,0.00849185
17,33,0.00453406
17,34,0.00196167
17,35,0.000638141
17,36,0.0001511
17,37,2.56769e-05
17,38,3.08745e-06
17,39,2.55982e-07
17,40,1.39102e-08
17,41,4.45736e-10
17,42,6.3834e-12
17,43,0
17,44,0
17,45,0
17,46,0
17,47,0
17,48,0
17,49,0
18,0,0
18,1,0
18,2,0
18,3,0
18,4,0
18,5,0
18,6,0
18,7,2.83707e-12
18,8,2.09758e-10
18,9,6.96396e-09
18,10,1.37078e-07
18,11,1.77947e-06
18,12,1.60408e-05
18,13,0.000103111
18,14,0.000479374
18,15,0.00163108
18,16,0.00416465
18,17,0.00849185
18,18,0.0153028
18,19,0.025953
18,20,0.0405347
18,21,0.0576864
18,22,0.0759531
18,23,0.0919239
18,24,0.103046
18,25,0.106975
18,26,0.103046
18,27,0.0919239
18,28,0.0759531
18,29,0.0576864
18,30,0.0405347
18,31,0.025953
18,32,0.0153028
18,33,0.00849185
18,34,0.00416465
18,35,0.00163108
18,36,0.000479374
18,37,0.000103111
18,38,1.60408e-05
18,39,1.77947e-06
18,40,1.37078e-07
18,41,6.96396e-09
18,42,2.09758e-10
18,43,2.83707e-12
18,44,0
18,45,0
18,46,0
18,47,0
18,48,0
18,49,0
19,0,0
19,1,0
19,2,0
19,3,0
19,4,0
19,5,0
19,6,1.04524e-12
19,7,8.15725e-11
19,8,2.87273e-09
19,9,6.03258e-08
19,10,8.41082e-07
19,11,8.20784e-06
19,12,5.76505e-05
19,13,0.000295955
19,14,0.00112344
19,15,0.00321784
19,16,0.00729782
19,17,0.0142799
19,18,0.025953
19,19,0.0437172
19,20,0.06691
19,21,0.0943842
19,22,0.122802
19,23,0.147307
19,24,0.164369
19,25,0.17012
19,26,0.164369
19,27,0.147307
19,28,0.122802
19,29,0.0943842
19,30,0.06691
19,31,0.0437172
19,32,0.025953
19,33,0.0142799
19,34,0.00729782
19,35,0.00321784
19,36,0.00112344
19,37,0.000295955
19,38,5.76505e-05
19,39,8.20784e-06
19,40,8.41082e-07
19,41,6.03258e-08
19,42,2.87273e-09
19,43,8.15725e-11
19,44,1.04524e-12
19,45,0
19,46,0
19,47,0
19,48,0
19,49,0
20,0,0
20,1,0
20,2,0
20,3,0
20,4,0
20,5,3.13571e-13
20,6,2.57597e-11
20,7,9.60064e-10
20,8,2.14724e-08
20,9,3.21292e-07
20,10,3.39609e-06
20,11,2.61264e-05
20,12,0.000148847
20,13,0.000636007
20,14,0.00207313
20,15,0.0053357
20,16,0.0115394
20,17,0.0224832
20,18,0.0405347
20,19,0.06691
20,20,0.101335
20,21,0.141524
20,22,0.181799
20,23,0.216626
20,24,0.239923
20,25,0.248163
20,26,0.239923
20,27,0.216626
20,28,0.181799
20,29,0.141524
20,30,0.101335
20,31,0.06691
20,32,0.0405347
20,33,0.0224832
20,34,0.0115394
20,35,0.0053357
20,36,0.00207313
20,37,0.000636006
20,38,0.000148847
20,39,2.61264e-05
20,40,3.39609e-06
20,41,3.21292e-07
20,42,2.14724e-08
20,43,9.60064e-10
20,44,2.57597e-11
20,45,3.13571e-13
20,46,0
20,47,0
20,48,0
20,49,0
21,0,0
21,1,0
21,2,0
21,3,0
21,4,7.46597e-14
21,5,6.43994e-12
21,6,2.53611e-10
21,7,6.03898e-09
21,8,9.70881e-08
21,9,1.11489e-06
21,10,9.44278e-06
21,11,6.01546e-05
21,12,0.00029222
21,13,0.00109774
21,14,0.00325967
21,15,0.00795096
21,16,0.0168242
21,17,0.032402
21,18,0.0576864
21,19,0.0943842
21,20,0.141524
21,21,0.194964
21,22,0.247972
21,23,0.292619
21,24,0.322053
21,25,0.332455
21,26,0.322053
21,27,0.292619
21,28,0.247972
21,29,0.194964
21,30,0.141524
21,31,0.0943842
21,32,0.0576864
21,33,0.032402
21,34,0.0168242
21,35,0.00795096
21,36,0.00325967
21,37,0.00109774
21,38,0.00029222
21,39,6.01546e-05
21,40,9.44278e-06
21,41,1.11489e-06
21,42,9.70881e-08
21,43,6.03898e-09
21,44,2.53611e-10
21,45,6.43994e-12
21,46,7.46597e-14
21,47,0
21,48,0
21,49,0
22,0,0
22,1,0
22,2,0
22,3,1.35745e-14
22,4,1.22665e-12
22,5,5.10209e-11
22,6,1.29577e-09
22,7,2.24788e-08
22,8,2.82379e-07
22,9,2.65772e-06
22,10,1.914e-05
22,11,0.00010692
22,12,0.000468103
22,13,0.00162516
22,14,0.00456521
22,15,0.0107615
22,16,0.0224065
22,17,0.0429143
22,18,0.0759531
22,19,0.122802
22,20,0.181799
22,21,0.247972
22,22,0.312005
22,23,0.364788
22,24,0.39927
22,25,0.41143
22,26,0.39927
22,27,0.364788
22,28,0.312005
22,29,0.247972
22,30,0.181799
22,31,0.122802
22,32,0.0759531
22,33,0.0429143
22,34,0.0224065
22,35,0.0107615
22,36,0.00456521
22,37,0.00162516
22,38,0.000468103
22,39,0.00010692
22,40,1.914e-05
22,41,2.65772e-06
22,42,2.82379e-07
22,43,2.24788e-08
22,44,1.29577e-09
22,45,5.10209e-11
22,46,1.22665e-12
22,47,1.35745e-14
22,48,0
22,49,0
23,0,0
23,1,0
23,2,1.77059e-15
23,3,1.67271e-13
23,4,7.36142e-12
23,5,2.00621e-10
23,6,3.79485e-09
23,7,5.28862e-08
23,8,5.6213e-07
23,9,4.6507e-06
23,10,3.02952e-05
23,11,0.000156361
23,12,0.000642582
23,13,0.00212201
23,14,0.0057514
23,15,0.0133034
23,16,0.0275418
23,17,0.052482
23,18,0.0919239
23,19,0.147307
23,20,0.216626
23,21,0.292619
23,22,0.364788
23,23,0.423516
23,24,0.461976
23,25,0.477042
23,26,0.461976
23,27,0.423516
23,28,0.364788
23,29,0.292619
23,30,0.216626
23,31,0.147307
23,32,0.0919239
23,33,0.052482
23,34,0.0275418
23,35,0.0133034
23,36,0.0057514
23,37,0.00212201
23,38,0.000642582
23,39,0.000156361
23,40,3.02952e-05
23,41,4.6507e-06
23,42,5.6213e-07
23,43,5.28862e-08
23,44,3.79485e-09
23,45,2.00621e-10
23,46,7.36142e-12
23,47,1.67271e-13
23,48,1.77059e-15
23,49,0
24,0,0
24,1,1.47549e-16
24,2,1.45453e-14
24,3,6.82634e-13
24,4,2.03175e-11
24,5,4.29769e-10
24,6,6.84162e-09
24,7,8.4516e-08
24,8,8.23298e-07
24,9,6.37435e-06
24,10,3.93681e-05
24,11,0.000194389
24,12,0.000770512
24,13,0.00247663
24,14,0.00659818
24,15,0.0151196
24,16,0.0311129
24,17,0.0590098
24,18,0.103046
24,19,0.164369
24,20,0.239923
24,21,0.322053
24,22,0.39927
24,23,0.461976
24,24,0.506323
24,25,0.531534
24,26,0.506323
24,27,0.461976
24,28,0.39927
24,29,0.322053
24,30,0.239923
24,31,0.164369
24,32,0.103046
24,33,0.0590098
24,34,0.0311129
24,35,0.0151196
24,36,0.00659818
24,37,0.00247663
24,38,0.000770512
24,39,0.000194389
24,40,3.93681e-05
24,41,6.37435e-06
24,42,8.23298e-07
24,43,8.4516e-08
24,44,6.84162e-09
24,45,4.29769e-10
24,46,2.03175e-11
24,47,6.82633e-13
24,48,1.45453e-14
24,49,1.41647e-16
25,0,0
25,1,6.06055e-16
25,2,3.14439e-14
25,3,1.09013e-12
25,4,2.77941e-11
25,5,5.41686e-10
25,6,8.22044e-09
25,7,9.82449e-08
25,8,9.3212e-07
25,9,7.05974e-06
25,10,4.28295e-05
25,11,0.000208586
25,12,0.000818139
25,13,0.00260765
25,14,0.00690077
25,15,0.0157548
25,16,0.0324185
25,17,0.0614736
25,18,0.106975
25,19,0.17012
25,20,0.248163
25,21,0.332455
25,22,0.41143
25,23,0.477042
25,24,0.531534
25,25,0.606531
25,26,0.531533
25,27,0.477042
25,28,0.41143
25,29,0.332455
25,30,0.248163
25,31,0.17012
25,32,0.106975
25,33,0.0614736
25,34,0.0324185
25,35,0.0157548
25,36,0.00690077
25,37,0.00260765
25,38,0.000818139
25,39,0.000208586
25,40,4.28295e-05
25,41,7.05975e-06
25,42,9.3212e-07
25,43,9.82449e-08
25,44,8.22044e-09
25,45,5.41686e-10
25,46,2.77941e-11
25,47,1.09013e-12
25,48,3.14439e-14
25,49,6.23761e-16
26,0,0
26,1,1.47549e-16
26,2,1.45453e-14
26,3,6.82634e-13
26,4,2.03175e-11
26,5,4.29769e-10
26,6,6.84162e-09
26,7,8.4516e-08
26,8,8.23298e-07
26,9,6.37435e-06
26,10,3.93681e-05
26,11,0.000194389
26,12,0.000770512
26,13,0.00247663
26,14,0.00659818
26,15,0.0151196
26,16,0.0311129
26,17,0.0590098
26,18,0.103046
26,19,0.164369
26,20,0.239923
26,21,0.322053
26,22,0.39927
26,23,0.461976
26,24,0.506323
26,25,0.531534
26,26,0.506323
26,27,0.461976
26,28,0.39927
26,29,0.322053
26,30,0.239923
26,31,0.164369
26,32,0.103046
26,33,0.0590098
26,34,0.0311129
26,35,0.0151196
26,36,0.00659818
26,37,0.00247663
26,38,0.000770512
26,39,0.000194389
26,40,3.93681e-05
26,41,6.37435e-06
26,42,8.23298e-07
26,43,8.4516e-08
26,44,6.84162e-09
26,45,4.29769e-10
26,46,2.03175e-11
26,47,6.82633e-13
26,48,1.45453e-14
26,49,1.41647e-16
27,0,0
27,1,0
27,2,1.77059e-15
27,3,1.67271e-13
27,4,7.36142e-12
27,5,2.00621e-10
27,6,3.79485e-09
27,7,5.28862e-08
27,8,5.6213e-07
27,9,4.6507e-06
27,10,3.02952e-05
27,11,0.000156361
27,12,0.000642582
27,13,0.00212201
27,14,0.0057514
27,15,0.0133034
27,16,0.0275418
27,17,0.052482
27,18,0.0919239
27,19,0.147307
27,20,0.216626
27,21,0.292619
27,22,0.364788
27,23,0.423516
27,24,0.461976
27,25,0.477042
27,26,0.461976
27,27,0.423516
27,28,0.364788
27,29,0.292619
27,30,0.216626
27,31,0.147307
27,32,0.0919239
27,33,0.052482
27,34,0.0275418
27,35,0.0133034
27,36,0.0057514
27,37,0.00212201
27,38,0.000642582
27,39,0.000156361
27,40,3.02952e-05
27,41,4.6507e-06
27,42,5.6213e-07
27,43,5.28862e-08
27,44,3.79485e-09
27,45,2.00621e-10
27,46,7.36142e-12
27,47,1.67271e-13
27,48,1.77059e-15
27,49,0
28,0,0
28,1,0
28,2,0
28,3,1.35745e-14
28,4,1.22665e-12
28,5,5.10209e-11
28,6,1.29577e-09
28,7,2.24788e-08
28,8,2.82379e-07
28,9,2.65772e-06
28,10,1.914e-05
28,11,0.00010692
28,12,0.000468103
28,13,0.00162516
28,14,0.00456521
28,15,0.0107615
28,16,0.0224065
28,17,0.0429143
28,18,0.0759531
28,19,0.122802
28,20,0.181799
28,21,0.247972
28,22,0.312005
28,23,0.364788
28,24,0.39927
28,25,0.41143
28,26,0.39927
28,27,0.364788
28,28,0.312005
28,29,0.247972
28,30,0.181799
28,31,0.122802
28,32,0.0759531
28,33,0.0429143
28,34,0.0224065
28,35,0.0107615
28,36,0.00456521
28,37,0.00162516
28,38,0.000468103
28,39,0.00010692
28,40,1.914e-05
28,41,2.65772e-06
28,42,2.82379e-07
28,43,2.24788e-08
28,44,1.29577e-09
28,45,5.10209e-11
28,46,1.22665e-12
28,47,1.35745e-14
28,48,0
28,49,0
29,0,0
29,1,0
29,2,0
29,3,0
29,4,7.46597e-14
29,5,6.43994e-12
29,6,2.53611e-10
29,7,6.03898e-09
29,8,9.70881e-08
29,9,1.11489e-06
29,10,9.44278e-06
29,11,6.01546e-05
29,12,0.00029222
29,13,0.00109774
29,14,0.00325967
29,15,0.00795096
29,16,0.0168242
29,17,0.032402
29,18,0.0576864
29,19,0.0943842
29,20,0.141524
29,21,0.194964
29,22,0.247972
29,23,0.292619
29,24,0.322053
29,25,0.332455
29,26,0.322053
29,27,0.292619
29,28,0.247972
29,29,0.194964
29,30,0.141524
29,31,0.0943842
29,32,0.0576864
29,33,0.032402
29,34,0.0168242
29,35,0.00795096
29,36,0.00325967
29,37,0.00109774
29,38,0.00029222
29,39,6.01546e-05
29,40,9.44278e-06
29,41,1.11489e-06
29,42,9.70881e-08
29,43,6.03898e-09
29,44,2.53611e-10
29,45,6.43994e-12
29,46,7.46597e-14
29,47,0
29,48,0
29,49,0
30,0,0
30,1,0
30,2,0
30,3,0
30,4,0
30,5,3.13571e-13
30,6,2.57597e-11
30,7,9.60064e-10
30,8,2.14724e-08
30,9,3.21292e-07
30,10,3.39609e-06
30,11,2.61264e-05
30,12,0.000148847
30,13,0.000636007
30,14,0.00207313
30,15,0.0053357
30,16,0.0115394
30,17,0.0224832
30,18,0.0405347
30,19,0.06691
30,20,0.101335
30,21,0.141524
30,22,0.181799
30,23,0.216626
30,24,0.239923
30,25,0.248163
30,26,0.239923
30,27,0.216626
30,28,0.181799
30,29,0.141524
30,30,0.101335
30,31,0.06691
30,32,0.0405347
30,33,0.0224832
30,34,0.0115394
30,35,0.0053357
30,36,0.00207313
30,37,0.000636006
30,38,0.000148847
30,39,2.61264e-05
30,40,3.39609e-06
30,41,3.21292e-07
30,42,2.14724e-08
30,43,9.60064e-10
30,44,2.57597e-11
30,45,3.13571e-13
30,46,0
30,47,0
30,48,0
30,49,0
31,0,0
31,1,0
31,2,0
31,3,0
31,4,0
31,5,0
31,6,1.04524e-12
31,7,8.15725e-11
31,8,2.87273e-09
31,9,6.03258e-08
31,10,8.41082e-07
31,11,8.20784e-06
31,12,5.76505e-05
31,13,0.000295955
31,14,0.00112344
31,15,0.00321784
31,16,0.00729782
31,17,0.0142799
31,18,0.025953
31,19,0.0437172
31,20,0.06691
31,21,0.0943842
31,22,0.122802
31,23,0.147307
31,24,0.164369
31,25,0.17012
31,26,0.164369
31,27,0.147307
31,28,0.122802
31,29,0.0943842
31,30,0.06691
31,31,0.0437172
31,32,0.025953
31,33,0.0142799
31,34,0.00729782
31,35,0.00321784
31,36,0.00112344
31,37,0.000295955
31,38,5.76505e-05
31,39,8.20784e-06
31,40,8.41082e-07
31,41,6.03258e-08
31,42,2.87273e-09
31,43,8.15725e-11
31,44,1.04524e-12
31,45,0
31,46,0
31,47,0
31,48,0
31,49,0
32,0,0
32,1,0
32,2,0
32,3,0
32,4,0
32,5,0
32,6,0
32,7,2.83707e-12
32,8,2.09758e-10
32,9,6.96396e-09
32,10,1.37078e-07
32,11,1.77947e-06
32,12,1.60408e-05
32,13,0.000103111
32,14,0.000479374
32,15,0.00163108
32,16,0.00416465
32,17,0.00849185
32,18,0.0153028
32,19,0.025953
32,20,0.0405347
32,21,0.0576864
32,22,0.0759531
32,23,0.0919239
32,24,0.103046
32,25,0.106975
32,26,0.103046
32,27,0.0919239
32,28,0.0759531
32,29,0.0576864
32,30,0.0405347
32,31,0.025953
32,32,0.0153028
32,33,0.00849185
32,34,0.00416465
32,35,0.00163108
32,36,0.000479374
32,37,0.000103111
32,38,1.60408e-05
32,39,1.77947e-06
32,40,1.37078e-07
32,41,6.96396e-09
32,42,2.09758e-10
32,43,2.83707e-12
32,44,0
32,45,0
32,46,0
32,47,0
32,48,0
32,49,0
33,0,0
33,1,0
33,2,0
33,3,0
33,4,0
33,5,0
33,6,0
33,7,0
33,8,6.3834e-12
33,9,4.45736e-10
33,10,1.39102e-08
33,11,2.55982e-07
33,12,3.08745e-06
33,13,2.56769e-05
33,14,0.0001511
33,15,0.000638141
33,16,0.00196167
33,17,0.00453406
33,18,0.00849185
33,19,0.0142799
33,20,0.0224832
33,21,0.032402
33,22,0.0429143
33,23,0.052482
33,24,0.0590098
33,25,0.0614736
33,26,0.0590098
33,27,0.052482
33,28,0.0429143
33,29,0.032402
33,30,0.0224832
33,31,0.0142799
33,32,0.00849185
33,33,0.00453406
33,34,0.00196167
33,35,0.000638141
33,36,0.0001511
33,37,2.56769e-05
33,38,3.08745e-06
33,39,2.55982e-07
33,40,1.39102e-08
33,41,4.45736e-10
33,42,6.3834e-12
33,43,0
33,44,0
33,45,0
33,46,0
33,47,0
33,48,0
33,49,0
34,0,0
34,1,0
34,2,0
34,3,0
34,4,0
34,5,0
34,6,0
34,7,0
34,8,0
34,9,1.20575e-11
34,10,7.92419e-10
34,11,2.31635e-08
34,12,3.97138e-07
34,13,4.436e-06
34,14,3.39457e-05
34,15,0.000182624
34,16,0.000701616
34,17,0.00196167
34,18,0.00416465
34,19,0.00729782
34,20,0.0115394
34,21,0.0168242
34,22,0.0224065
34,23,0.0275418
34,24,0.0311129
34,25,0.0324185
34,26,0.0311129
34,27,0.0275418
34,28,0.0224065
34,29,0.0168242
34,30,0.0115394
34,31,0.00729782
34,32,0.00416465
34,33,0.00196167
34,34,0.000701616
34,35,0.000182624
34,36,3.39457e-05
34,37,4.436e-06
34,38,3.97138e-07
34,39,2.31635e-08
34,40,7.92419e-10
34,41,1.20575e-11
34,42,0
34,43,0
34,44,0
34,45,0
34,46,0
34,47,0
34,48,0
34,49,0
35,0,0
35,1,0
35,2,0
35,3,0
35,4,0
35,5,0
35,6,0
35,7,0
35,8,0
35,9,0
35,10,1.92921e-11
35,11,1.18863e-09
35,12,3.24114e-08
35,13,5.15501e-07
35,14,5.30966e-06
35,15,3.72375e-05
35,16,0.000182624
35,17,0.000638141
35,18,0.00163108
35,19,0.00321784
35,20,0.0053357
35,21,0.00795096
35,22,0.0107615
35,23,0.0133034
35,24,0.0151196
35,25,0.0157548
35,26,0.0151196
35,27,0.0133034
35,28,0.0107615
35,29,0.00795096
35,30,0.0053357
35,31,0.00321784
35,32,0.00163108
35,33,0.000638141
35,34,0.000182624
35,35,3.72375e-05
35,36,5.30966e-06
35,37,5.15501e-07
35,38,3.24114e-08
35,39,1.18863e-09
35,40,1.92921e-11
35,41,0
35,42,0
35,43,0
35,44,0
35,45,0
35,46,0
35,47,0
35,48,0
35,49,0
36,0,0
36,1,0
36,2,0
36,3,0
36,4,0
36,5,0
36,6,0
36,7,0
36,8,0
36,9,0
36,10,0
36,11,2.63074e-11
36,12,1.5128e-09
36,13,3.82944e-08
36,14,5.6209e-07
36,15,5.30966e-06
36,16,3.39457e-05
36,17,0.0001511
36,18,0.000479374
36,19,0.00112344
36,20,0.00207313
36,21,0.00325967
36,22,0.00456521
36,23,0.0057514
36,24,0.00659818
36,25,0.00690076
36,26,0.00659818
36,27,0.0057514
36,28,0.00456521
36,29,0.00325967
36,30,0.00207313
36,31,0.00112344
36,32,0.000479374
36,33,0.0001511
36,34,3.39457e-05
36,35,5.30966e-06
36,36,5.6209e-07
36,37,3.82944e-08
36,38,1.5128e-09
36,39,2.63074e-11
36,40,0
36,41,0
36,42,0
36,43,0
36,44,0
36,45,0
36,46,0
36,47,0
36,48,0
36,49,0
37,0,0
37,1,0
37,2,0
37,3,0
37,4,0
37,5,0
37,6,0
37,7,0
37,8,0
37,9,0
37,10,0
37,11,0
37,12,3.06919e-11
37,13,1.63887e-09
37,14,3.82944e-08
37,15,5.15501e-07
37,16,4.436e-06
37,17,2.56769e-05
37,18,0.000103111
37,19,0.000295955
37,20,0.000636007
37,21,0.00109774
37,22,0.00162516
37,23,0.00212201
37,24,0.00247663
37,25,0.00260765
37,26,0.00247663
37,27,0.00212201
37,28,0.00162516
37,29,0.00109774
37,30,0.000636007
37,31,0.000295955
37,32,0.000103111
37,33,2.56769e-05
37,34,4.436e-06
37,35,5.15501e-07
37,36,3.82944e-08
37,37,1.63887e-09
37,38,3.06919e-11
37,39,0
37,40,0
37,41,0
37,42,0
37,43,0
37,44,0
37,45,0
37,46,0
37,47,0
37,48,0
37,49,0
38,0,0
38,1,0
38,2,0
38,3,0
38,4,0
38,5,0
38,6,0
38,7,0
38,8,0
38,9,0
38,10,0
38,11,0
38,12,0
38,13,3.06919e-11
38,14,1.5128e-09
38,15,3.24114e-08
38,16,3.97138e-07
38,17,3.08745e-06
38,18,1.60408e-05
38,19,5.76505e-05
38,20,0.000148847
38,21,0.00029222
38,22,0.000468103
38,23,0.000642582
38,24,0.000770512
38,25,0.000818138
38,26,0.000770512
38,27,0.000642582
38,28,0.000468103
38,29,0.00029222
38,30,0.000148847
38,31,5.76505e-05
38,32,1.60408e-05
38,33,3.08745e-06
38,34,3.97138e-07
38,35,3.24114e-08
38,36,1.5128e-09
38,37,3.06919e-11
38,38,0
38,39,0
38,40,0
38,41,0
38,42,0
38,43,0
38,44,0
38,45,0
38,46,0
38,47,0
38,48,0
38,49,0
39,0,0
39,1,0
39,2,0
39,3,0
39,4,0
39,5,0
39,6,0
39,7,0
39,8,0
39,9,0
39,10,0
39,11,0
39,12,0
39,13,0
39,14,2.63074e-11
39,15,1.18863e-09
39,16,2.31635e-08
39,17,2.55982e-07
39,18,1.77947e-06
39,19,8.20784e-06
39,20,2.61264e-05
39,21,6.01546e-05
39,22,0.00010692
39,23,0.000156361
39,24,0.000194389
39,25,0.000208586
39,26,0.000194389
39,27,0.000156361
39,28,0.00010692
39,29,6.01546e-05
39,30,2.61264e-05
39,31,8.20784e-06
39,32,1.77947e-06
39,33,2.55982e-07
39,34,2.31635e-08
39,35,1.18863e-09
39,36,2.63074e-11
39,37,0
39,38,0
39,39,0
39,40,0
39,41,0
39,42,0
39,43,0
39,44,0
39,45,0
39,46,0
39,47,0
39,48,0
39,49,0
40,0,0
40,1,0
40,2,0
40,3,0
40,4,0
40,5,0
40,6,0
40,7,0
40,8,0
40,9,0
40,10,0
40,11,0
40,12,0
40,13,0
40,14,0
40,15,1.92921e-11
40,16,7.92419e-10
40,17,1.39102e-08
40,18,1.37079e-07
40,19,8.41082e-07
40,20,3.39609e-06
40,21,9.44278e-06
40,22,1.914e-05
40,23,3.02952e-05
40,24,3.93681e-05
40,25,4.28295e-05
40,26,3.93681e-05
40,27,3.02952e-05
40,28,1.914e-05
40,29,9.44278e-06
40,30,3.39609e-06
40,31,8.41082e-07
40,32,1.37078e-07
40,33,1.39102e-08
40,34,7.92419e-10
40,35,1.92921e-11
40,36,0
40,37,0
40,38,0
40,39,0
40,40,0
40,41,0
40,42,0
40,43,0
40,44,0
40,45,0
40,46,0
40,47,0
40,48,0
40,49,0
41,0,0
41,1,0
41,2,0
41,3,0
41,4,0
41,5,0
41,6,0
41,7,0
41,8,0
41,9,0
41,10,0
41,11,0
41,12,0
41,13,0
41,14,0
41,15,0
41,16,1.20575e-11
41,17,4.45736e-10
41,18,6.96396e-09
41,19,6.03258e-08
41,20,3.21292e-07
41,21,1.11489e-06
41,22,2.65772e-06
41,23,4.6507e-06
41,24,6.37435e-06
41,25,7.05974e-06
41,26,6.37435e-06
41,27,4.6507e-06
41,28,2.65771e-06
41,29,1.11489e-06
41,30,3.21292e-07
41,31,6.03258e-08
41,32,6.96396e-09
41,33,4.45736e-10
41,34,1.20575e-11
41,35,0
41,36,0
41,37,0
41,38,0
41,39,0
41,40,0
41,41,0
41,42,0
41,43,0
41,44,0
41,45,0
41,46,0
41,47,0
41,48,0
41,49,0
42,0,0
42,1,0
42,2,0
42,3,0
42,4,0
42,5,0
42,6,0
42,7,0
42,8,0
42,9,0
42,10,0
42,11,0
42,12,0
42,13,0
42,14,0
42,15,0
42,16,0
42,17,6.3834e-12
42,18,2.09758e-10
42,19,2.87273e-09
42,20,2.14724e-08
42,21,9.70881e-08
42,22,2.82379e-07
42,23,5.6213e-07
42,24,8.23298e-07
42,25,9.3212e-07
42,26,8.23298e-07
42,27,5.6213e-07
42,28,2.82379e-07
42,29,9.70881e-08
42,30,2.14724e-08
42,31,2.87273e-09
42,32,2.09758e-10
42,33,6.3834e-12
42,34,0
42,35,0
42,36,0
42,37,0
42,38,0
42,39,0
42,40,0
42,41,0
42,42,0
42,43,0
42,44,0
42,45,0
42,46,0
42,47,0
42,48,0
42,49,0
43,0,0
43,1,0
43,2,0
43,3,0
43,4,0
43,5,0
43,6,0
43,7,0
43,8,0
43,9,0
43,10,0
43,11,0
43,12,0
43,13,0
43,14,0
43,15,0
43,16,0
43,17,0
43,18,2.83707e-12
43,19,8.15725e-11
43,20,9.60064e-10
43,21,6.03898e-09
43,22,2.24788e-08
43,23,5.28862e-08
43,24,8.4516e-08
43,25,9.82449e-08
43,26,8.4516e-08
43,27,5.28862e-08
43,28,2.24788e-08
43,29,6.03898e-09
43,30,9.60064e-10
43,31,8.15725e-11
43,32,2.83707e-12
43,33,0
43,34,0
43,35,0
43,36,0
43,37,0
43,38,0
43,39,0
43,40,0
43,41,0
43,42,0
43,43,0
43,44,0
43,45,0
43,46,0
43,47,0
43,48,0
43,49,0
44,0,0
44,1,0
44,2,0
44,3,0
44,4,0
44,5,0
44,6,0
44,7,0
44,8,0
44,9,0
44,10,0
44,11,0
44,12,0
44,13,0
44,14,0
44,15,0
44,16,0
44,17,0
44,18,0
44,19,1.04524e-12
44,20,2.57597e-11
44,21,2.53611e-10
44,22,1.29577e-09
44,23,3.79484e-09
44,24,6.84162e-09
44,25,8.22044e-09
44,26,6.84162e-09
44,27,3.79485e-09
44,28,1.29577e-09
44,29,2.53611e-10
44,30,2.57597e-11
44,31,1.04524e-12
44,32,0
44,33,0
44,34,0
44,35,0
44,36,0
44,37,0
44,38,0
44,39,0
44,40,0
44,41,0
44,42,0
44,43,0
44,44,0
44,45,0
44,46,0
44,47,0
44,48,0
44,49,0
45,0,0
45,1,0
45,2,0
45,3,0
45,4,0
45,5,0
45,6,0
45,7,0
45,8,0
45,9,0
45,10,0
45,11,0
45,12,0
45,13,0
45,14,0
45,15,0
45,16,0
45,17,0
45,18,0
45,19,0
45,20,3.13571e-13
45,21,6.43994e-12
45,22,5.10209e-11
45,23,2.00621e-10
45,24,4.29769e-10
45,25,5.41686e-10
45,26,4.29769e-10
45,27,2.00621e-10
45,28,5.10209e-11
45,29,6.43994e-12
45,30,3.13571e-13
45,31,0
45,32,0
45,33,0
45,34,0
45,35,0
45,36,0
45,37,0
45,38,0
45,39,0
45,40,0
45,41,0
45,42,0
45,43,0
45,44,0
45,45,0
45,46,0
45,47,0
45,48,0
45,49,0
46,0,0
46,1,0
46,2,0
46,3,0
46,4,0
46,5,0
46,6,0
46,7,0
46,8,0
46,9,0
46,10,0
46,11,0
46,12,0
46,13,0
46,14,0
46,15,0
46,16,0
46,17,0
46,18,0
46,19,0
46,20,0
46,21,7.46597e-14
46,22,1.22665e-12
46,23,7.36142e-12
46,24,2.03175e-11
46,25,2.77941e-11
46,26,2.03175e-11
46,27,7.36142e-12
46,28,1.22665e-12
46,29,7.46597e-14
46,30,0
46,31,0
46,32,0
46,33,0
46,34,0
46,35,0
46,36,0
46,37,0
46,38,0
46,39,0
46,40,0
46,41,0
46,42,0
46,43,0
46,44,0
46,45,0
46,46,0
46,47,0
46,48,0
46,49,0
47,0,0
47,1,0
47,2,0
47,3,0
47,4,0
47,5,0
47,6,0
47,7,0
47,8,0
47,9,0
47,10,0
47,11,0
47,12,0
47,13,0
47,14,0
47,15,0
47,16,0
47,17,0
47,18,0
47,19,0
47,20,0
47,21,0
47,22,1.35745e-14
47,23,1.67271e-13
47,24,6.82633e-13
47,25,1.09013e-12
47,26,6.82633e-13
47,27,1.67271e-13
47,28,1.35745e-14
47,29,0
47,30,0
47,31,0
47,32,0
47,33,0
47,34,0
47,35,0
47,36,0
47,37,0
47,38,0
47,39,0
47,40,0
47,41,0
47,42,0
47,43,0
47,44,0
47,45,0
47,46,0
47,47,0
47,48,0
47,49,0
48,0,0
48,1,0
48,2,0
48,3,0
48,4,0
48,5,0
48,6,0
48,7,0
48,8,0
48,9,0
48,10,0
48,11,0
48,12,0
48,13,0
48,14,0
48,15,0
48,16,0
48,17,0
48,18,0
48,19,0
48,20,0
48,21,0
48,22,0
48,23,1.77059e-15
48,24,1.45453e-14
48,25,3.14439e-14
48,26,1.45453e-14
48,27,1.77059e-15
48,28,0
48,29,0
48,30,0
48,31,0
48,32,0
48,33,0
48,34,0
48,35,0
48,36,0
48,37,0
48,38,0
48,39,0
48,40,0
48,41,0
48,42,0
48,43,0
48,44,0
48,45,0
48,46,0
48,47,0
48,48,0
48,49,0
49,0,0
49,1,0
49,2,0
49,3,0
49,4,0
49,5,0
49,6,0
49,7,0
49,8,0
49,9,0
49,10,0
49,11,0
49,12,0
49,13,0
49,14,0
49,15,0
49,16,0
49,17,0
49,18,0
49,19,0
49,20,0
49,21,0
49,22,0
49,23,0
49,24,1.41647e-16
49,25,6.23761e-16
49,26,1.41647e-16
49,27,0
49,28,0
49,29,0
49,30,0
49,31,0
49,32,0
49,33,0
49,34,0
49,35,0
49,36,0
49,37,0
49,38,0
49,39,0
49,40,0
49,41,0
49,42,0
49,43,0
49,44,0
49,45,0
49,46,0
49,47,0
49,48,0
49,49,0
