0,0,0
0,1,0
0,2,0
0,3,0
0,4,0
0,5,0
0,6,0
0,7,0
0,8,0
0,9,0
0,10,0
0,11,0
0,12,0
0,13,0
0,14,0
0,15,0
0,16,0
0,17,0
0,18,0
0,19,0
0,20,0
0,21,0
0,22,0
0,23,0
0,24,0
0,25,0
0,26,0
0,27,0
0,28,0
0,29,0
0,30,0
0,31,0
0,32,0
0,33,0
0,34,0
0,35,0
0,36,0
0,37,0
0,38,0
0,39,0
0,40,0
0,41,0
0,42,0
0,43,0
0,44,0
0,45,0
0,46,0
0,47,0
0,48,0
0,49,0
1,0,0
1,1,0
1,2,5.40933e-18
1,3,5.04772e-16
1,4,2.18572e-14
1,5,5.83221e-13
1,6,1.07421e-11
1,7,1.4501e-10
1,8,1.48742e-09
1,9,1.18675e-08
1,10,7.48517e-08
1,11,3.77779e-07
1,12,1.54187e-06
1,13,5.14616e-06
1,14,1.42417e-05
1,15,3.3275e-05
1,16,6.70943e-05
1,17,0.000119479
1,18,0.000191789
1,19,0.00028199
1,20,0.000384398
1,21,0.000490224
1,22,0.000588742
1,23,0.000668966
1,24,0.000721401
1,25,0.000739636
1,26,0.000721401
1,27,0.000668966
1,28,0.000588742
1,29,0.000490224
1,30,0.000384398
1,31,0.00028199
1,32,0.000191789
1,33,0.000119479
1,34,6.70943e-05
1,35,3.3275e-05
1,36,1.42417e-05
1,37,5.14616e-06
1,38,1.54187e-06
1,39,3.77779e-07
1,40,7.48517e-08
1,41,1.18675e-08
1,42,1.48742e-09
1,43,1.4501e-10
1,44,1.07421e-11
1,45,5.83221e-13
1,46,2.18572e-14
1,47,5.04772e-16
1,48,5.40933e-18
1,49,0
2,0,0
2,1,5.40933e-18
2,2,5.26718e-16
2,3,2.38479e-14
2,4,6.66816e-13
2,5,1.28995e-11
2,6,1.83332e-10
2,7,1.98462e-09
2,8,1.67507e-08
2,9,1.12e-07
2,10,6.00187e-07
2,11,2.60255e-06
2,12,9.22027e-06
2,13,2.70059e-05
2,14,6.64438e-05
2,15,0.000140186
2,16,0.000259686
2,17,0.000431945
2,18,0.000656859
2,19,0.000925612
2,20,0.00122089
2,21,0.00151852
2,22,0.00179054
2,23,0.00200919
2,24,0.0021509
2,25,0.00219999
2,26,0.0021509
2,27,0.00200919
2,28,0.00179054
2,29,0.00151852
2,30,0.00122089
2,31,0.000925612
2,32,0.000656859
2,33,0.000431945
2,34,0.000259686
2,35,0.000140186
2,36,6.64438e-05
2,37,2.70059e-05
2,38,9.22027e-06
2,39,2.60255e-06
2,40,6.00187e-07
2,41,1.12e-07
2,42,1.67507e-08
2,43,1.98462e-09
2,44,1.83332e-10
2,45,1.28995e-11
2,46,6.66816e-13
2,47,2.38479e-14
2,48,5.26718e-16
2,49,2.76221e-18
3,0,0
3,1,5.04772e-16
3,2,2.38479e-14
3,3,6.97079e-13
3,4,1.41238e-11
3,5,2.10649e-10
3,6,2.39759e-09
3,7,2.1315e-08
3,8,1.50343e-07
3,9,8.50684e-07
3,10,3.89485e-06
3,11,1.45476e-05
3,12,4.47634e-05
3,13,0.000115032
3,14,0.000251641
3,15,0.000479968
3,16,0.000818275
3,17,0.00127323
3,18,0.00183595
3,19,0.00248076
3,20,0.00316673
3,21,0.00384117
3,22,0.00444626
3,23,0.00492614
3,24,0.00523454
3,25,0.00534089
3,26,0.00523454
3,27,0.00492614
3,28,0.00444626
3,29,0.00384117
3,30,0.00316673
3,31,0.00248076
3,32,0.00183595
3,33,0.00127323
3,34,0.000818275
3,35,0.000479968
3,36,0.000251641
3,37,0.000115032
3,38,4.47634e-05
3,39,1.45476e-05
3,40,3.89485e-06
3,41,8.50684e-07
3,42,1.50343e-07
3,43,2.1315e-08
3,44,2.39759e-09
3,45,2.10649e-10
3,46,1.41238e-11
3,47,6.9708e-13
3,48,2.38456e-14
3,49,2.67503e-16
4,0,0
4,1,2.18572e-14
4,2,6.66816e-13
4,3,1.41238e-11
4,4,2.20616e-10
4,5,2.63471e-09
4,6,2.462e-08
4,7,1.82807e-07
4,8,1.09005e-06
4,9,5.26071e-06
4,10,2.06891e-05
4,11,6.68252e-05
4,12,0.000179274
4,13,0.000406303
4,14,0.000796408
4,15,0.00138709
4,16,0.00219965
4,17,0.00323261
4,18,0.00445615
4,19,0.00581259
4,20,0.00721843
4,21,0.00857279
4,22,0.00976908
4,23,0.0107069
4,24,0.0113051
4,25,0.0115105
4,26,0.0113051
4,27,0.0107069
4,28,0.00976908
4,29,0.00857279
4,30,0.00721843
4,31,0.00581259
4,32,0.00445615
4,33,0.00323261
4,34,0.00219965
4,35,0.00138709
4,36,0.000796408
4,37,0.000406303
4,38,0.000179274
4,39,6.68252e-05
4,40,2.06891e-05
4,41,5.26071e-06
4,42,1.09005e-06
4,43,1.82807e-07
4,44,2.462e-08
4,45,2.63471e-09
4,46,2.20616e-10
4,47,1.41238e-11
4,48,6.66617e-13
4,49,1.20477e-14
5,0,0
5,1,5.83221e-13
5,2,1.28995e-11
5,3,2.10649e-10
5,4,2.63471e-09
5,5,2.583e-08
5,6,2.01535e-07
5,7,1.26432e-06
5,8,6.42304e-06
5,9,2.65744e-05
5,10,9.00851e-05
5,11,0.000252426
5,12,0.000593152
5,13,0.00119502
5,14,0.00212407
5,15,0.00342681
5,16,0.00512459
5,17,0.00719684
5,18,0.00957657
5,19,0.01215
5,20,0.0147618
5,21,0.0172354
5,22,0.0193892
5,23,0.02106
5,24,0.0221178
5,25,0.0224798
5,26,0.0221178
5,27,0.02106
5,28,0.0193892
5,29,0.0172354
5,30,0.0147618
5,31,0.01215
5,32,0.00957657
5,33,0.00719684
5,34,0.00512459
5,35,0.00342681
5,36,0.00212407
5,37,0.00119502
5,38,0.000593152
5,39,0.000252426
5,40,9.00851e-05
5,41,2.65744e-05
5,42,6.42304e-06
5,43,1.26432e-06
5,44,2.01535e-07
5,45,2.583e-08
5,46,2.63471e-09
5,47,2.10648e-10
5,48,1.28917e-11
5,49,3.35193e-13
6,0,0
6,1,1.07421e-11
6,2,1.83332e-10
6,3,2.39759e-09
6,4,2.462e-08
6,5,2.01535e-07
6,6,1.32829e-06
6,7,7.09559e-06
6,8,3.08666e-05
6,9,0.000109838
6,10,0.000321824
6,11,0.000785492
6,12,0.00162941
6,13,0.00295783
6,14,0.00485422
6,15,0.00738814
6,16,0.0105775
6,17,0.0143626
6,18,0.0186082
6,19,0.0230968
6,20,0.0275601
6,21,0.0317105
6,22,0.0352672
6,23,0.0379935
6,24,0.0397035
6,25,0.0402874
6,26,0.0397035
6,27,0.0379935
6,28,0.0352672
6,29,0.0317105
6,30,0.0275601
6,31,0.0230968
6,32,0.0186082
6,33,0.0143626
6,34,0.0105775
6,35,0.00738814
6,36,0.00485422
6,37,0.00295783
6,38,0.00162941
6,39,0.000785492
6,40,0.000321824
6,41,0.000109838
6,42,3.08666e-05
6,43,7.09559e-06
6,44,1.32829e-06
6,45,2.01535e-07
6,46,2.462e-08
6,47,2.39758e-09
6,48,1.83144e-10
6,49,6.45517e-12
7,0,0
7,1,1.4501e-10
7,2,1.98462e-09
7,3,2.1315e-08
7,4,1.82807e-07
7,5,1.26432e-06
7,6,7.09559e-06
7,7,3.24437e-05
7,8,0.000121253
7,9,0.000372086
7,10,0.000945913
7,11,0.00202701
7,12,0.00376811
7,13,0.00630096
7,14,0.00977641
7,15,0.0143011
7,16,0.0198484
7,17,0.0262698
7,18,0.0332836
7,19,0.0404977
7,20,0.0474941
7,21,0.0538442
7,22,0.0591813
7,23,0.0632053
7,24,0.0657034
7,25,0.0665507
7,26,0.0657034
7,27,0.0632053
7,28,0.0591813
7,29,0.0538442
7,30,0.0474941
7,31,0.0404977
7,32,0.0332836
7,33,0.0262698
7,34,0.0198484
7,35,0.0143011
7,36,0.00977641
7,37,0.00630096
7,38,0.00376811
7,39,0.00202701
7,40,0.000945913
7,41,0.000372086
7,42,0.000121253
7,43,3.24437e-05
7,44,7.09559e-06
7,45,1.26432e-06
7,46,1.82807e-07
7,47,2.13149e-08
7,48,1.98156e-09
7,49,9.13978e-11
8,0,0
8,1,1.48742e-09
8,2,1.67507e-08
8,3,1.50343e-07
8,4,1.09005e-06
8,5,6.42304e-06
8,6,3.08666e-05
8,7,0.000121253
8,8,0.000390488
8,9,0.00103758
8,10,0.00230774
8,11,0.00441403
8,12,0.00754719
8,13,0.0119703
8,14,0.0179453
8,15,0.0255178
8,16,0.0345149
8,17,0.0445918
8,18,0.0551943
8,19,0.0657281
8,20,0.0756075
8,21,0.084303
8,22,0.0914339
8,23,0.0966922
8,24,0.0999205
8,25,0.100999
8,26,0.0999205
8,27,0.0966922
8,28,0.0914339
8,29,0.084303
8,30,0.0756075
8,31,0.0657281
8,32,0.0551943
8,33,0.0445918
8,34,0.0345149
8,35,0.0255178
8,36,0.0179453
8,37,0.0119703
8,38,0.00754719
8,39,0.00441403
8,40,0.00230774
8,41,0.00103758
8,42,0.000390488
8,43,0.000121253
8,44,3.08666e-05
8,45,6.42304e-06
8,46,1.09005e-06
8,47,1.50341e-07
8,48,1.67147e-08
8,49,9.8675e-10
9,0,0
9,1,1.18675e-08
9,2,1.12e-07
9,3,8.50684e-07
9,4,5.26071e-06
9,5,2.65744e-05
9,6,0.000109838
9,7,0.000372086
9,8,0.00103758
9,9,0.00240916
9,10,0.00477256
9,11,0.0083892
9,12,0.0136494
9,13,0.0210316
9,14,0.0307135
9,15,0.0424694
9,16,0.0558771
9,17,0.0702135
9,18,0.0846148
9,19,0.0983352
9,20,0.110649
9,21,0.121106
9,22,0.129387
9,23,0.135341
9,24,0.138925
9,25,0.140112
9,26,0.138925
9,27,0.135341
9,28,0.129387
9,29,0.121106
9,30,0.110649
9,31,0.0983352
9,32,0.0846148
9,33,0.0702135
9,34,0.0558771
9,35,0.0424694
9,36,0.0307135
9,37,0.0210316
9,38,0.0136494
9,39,0.0083892
9,40,0.00477256
9,41,0.00240916
9,42,0.00103758
9,43,0.000372086
9,44,0.000109838
9,45,2.65744e-05
9,46,5.26071e-06
9,47,8.50662e-07
9,48,1.11686e-07
9,49,8.31874e-09
10,0,0
10,1,7.48517e-08
10,2,6.00187e-07
10,3,3.89485e-06
10,4,2.06891e-05
10,5,9.00851e-05
10,6,0.000321824
10,7,0.000945913
10,8,0.00230774
10,9,0.00477256
10,10,0.00868644
10,11,0.014559
10,12,0.0231071
10,13,0.0347224
10,14,0.0491276
10,15,0.0657796
10,16,0.0838377
10,17,0.102067
10,18,0.119472
10,19,0.135152
10,20,0.148475
10,21,0.159256
10,22,0.167354
10,23,0.173001
10,24,0.176256
10,25,0.177357
10,26,0.176256
10,27,0.173001
10,28,0.167354
10,29,0.159256
10,30,0.148475
10,31,0.135152
10,32,0.119472
10,33,0.102067
10,34,0.0838377
10,35,0.0657796
10,36,0.0491276
10,37,0.0347224
10,38,0.0231071
10,39,0.0145589
10,40,0.00868644
10,41,0.00477256
10,42,0.00230774
10,43,0.000945913
10,44,0.000321824
10,45,9.00851e-05
10,46,2.06891e-05
10,47,3.89467e-06
10,48,5.98113e-07
10,49,5.56747e-08
11,0,0
11,1,3.77779e-07
11,2,2.60255e-06
11,3,1.45476e-05
11,4,6.68252e-05
11,5,0.000252426
11,6,0.000785492
11,7,0.00202701
11,8,0.00441403
11,9,0.0083892
11,10,0.0145589
11,11,0.0238399
11,12,0.0369149
11,13,0.0535573
11,14,0.0730642
11,15,0.0945346
11,16,0.116356
11,17,0.137029
11,18,0.155511
11,19,0.170842
11,20,0.18296
11,21,0.191901
11,22,0.198111
11,23,0.202111
11,24,0.204269
11,25,0.204993
11,26,0.204269
11,27,0.202111
11,28,0.198111
11,29,0.191901
11,30,0.18296
11,31,0.170842
11,32,0.155511
11,33,0.137029
11,34,0.116356
11,35,0.0945346
11,36,0.0730642
11,37,0.0535573
11,38,0.0369149
11,39,0.0238399
11,40,0.0145589
11,41,0.0083892
11,42,0.00441403
11,43,0.00202701
11,44,0.000785492
11,45,0.000252426
11,46,6.68251e-05
11,47,1.45465e-05
11,48,2.5922e-06
11,49,2.99481e-07
12,0,0
12,1,1.54187e-06
12,2,9.22027e-06
12,3,4.47634e-05
12,4,0.000179274
12,5,0.000593152
12,6,0.00162941
12,7,0.00376811
12,8,0.00754718
12,9,0.0136494
12,10,0.0231071
12,11,0.0369149
12,12,0.0551104
12,13,0.0768966
12,14,0.101281
12,15,0.126388
12,16,0.149939
12,17,0.170588
12,18,0.187099
12,19,0.199198
12,20,0.20744
12,21,0.212287
12,22,0.215
12,23,0.216104
12,24,0.216599
12,25,0.216623
12,26,0.216599
12,27,0.216104
12,28,0.215
12,29,0.212287
12,30,0.20744
12,31,0.199198
12,32,0.187099
12,33,0.170588
12,34,0.149939
12,35,0.126388
12,36,0.101281
12,37,0.0768966
12,38,0.0551104
12,39,0.0369149
12,40,0.0231071
12,41,0.0136494
12,42,0.00754719
12,43,0.00376811
12,44,0.00162941
12,45,0.000593152
12,46,0.000179274
12,47,4.47584e-05
12,48,9.18178e-06
12,49,1.30831e-06
13,0,0
13,1,5.14616e-06
13,2,2.70059e-05
13,3,0.000115032
13,4,0.000406303
13,5,0.00119502
13,6,0.00295783
13,7,0.00630096
13,8,0.0119703
13,9,0.0210316
13,10,0.0347224
13,11,0.0535572
13,12,0.0768966
13,13,0.103575
13,14,0.131554
13,15,0.157791
13,16,0.180201
13,17,0.197413
13,18,0.208644
13,19,0.214914
13,20,0.216989
13,21,0.216471
13,22,0.214654
13,23,0.2125
13,24,0.211017
13,25,0.210363
13,26,0.211017
13,27,0.2125
13,28,0.214654
13,29,0.216471
13,30,0.216989
13,31,0.214914
13,32,0.208644
13,33,0.197413
13,34,0.180201
13,35,0.157791
13,36,0.131554
13,37,0.103575
13,38,0.0768966
13,39,0.0535573
13,40,0.0347224
13,41,0.0210316
13,42,0.0119703
13,43,0.00630096
13,44,0.00295783
13,45,0.00119502
13,46,0.000406301
13,47,0.000115015
13,48,2.69042e-05
13,49,4.69034e-06
14,0,0
14,1,1.42417e-05
14,2,6.64438e-05
14,3,0.000251641
14,4,0.000796408
14,5,0.00212407
14,6,0.00485422
14,7,0.00977641
14,8,0.0179453
14,9,0.0307135
14,10,0.0491276
14,11,0.0730642
14,12,0.101281
14,13,0.131554
14,14,0.160425
14,15,0.184764
14,16,0.202769
14,17,0.213253
14,18,0.217101
14,19,0.215888
14,20,0.211178
14,21,0.205283
14,22,0.199116
14,23,0.194277
14,24,0.190949
14,25,0.18994
14,26,0.190948
14,27,0.194277
14,28,0.199116
14,29,0.205283
14,30,0.211178
14,31,0.215888
14,32,0.217101
14,33,0.213253
14,34,0.202769
14,35,0.184764
14,36,0.160425
14,37,0.131554
14,38,0.101281
14,39,0.0730642
14,40,0.0491276
14,41,0.0307135
14,42,0.0179453
14,43,0.00977641
14,44,0.00485422
14,45,0.00212407
14,46,0.000796402
14,47,0.000251603
14,48,6.62845e-05
14,49,1.3968e-05
15,0,0
15,1,3.3275e-05
15,2,0.000140186
15,3,0.000479968
15,4,0.00138709
15,5,0.00342681
15,6,0.00738814
15,7,0.0143011
15,8,0.0255178
15,9,0.0424694
15,10,0.0657796
15,11,0.0945346
15,12,0.126388
15,13,0.157791
15,14,0.184764
15,15,0.204369
15,16,0.215021
15,17,0.217119
15,18,0.212785
15,19,0.204056
15,20,0.193657
15,21,0.1833
15,22,0.174299
15,23,0.167581
15,24,0.163308
15,25,0.161982
15,26,0.163308
15,27,0.167581
15,28,0.174299
15,29,0.1833
15,30,0.193657
15,31,0.204056
15,32,0.212785
15,33,0.217119
15,34,0.215021
15,35,0.204369
15,36,0.184764
15,37,0.157791
15,38,0.126388
15,39,0.0945346
15,40,0.0657796
15,41,0.0424694
15,42,0.0255178
15,43,0.0143011
15,44,0.00738814
15,45,0.00342681
15,46,0.00138708
15,47,0.000479927
15,48,0.000140223
15,49,3.50881e-05
16,0,0
16,1,6.70943e-05
16,2,0.000259686
16,3,0.000818275
16,4,0.00219965
16,5,0.00512459
16,6,0.0105775
16,7,0.0198484
16,8,0.0345149
16,9,0.0558771
16,10,0.0838377
16,11,0.116356
16,12,0.149939
16,13,0.180201
16,14,0.202769
16,15,0.215021
16,16,0.216936
16,17,0.210458
16,18,0.198439
16,19,0.184008
16,20,0.169667
16,21,0.156888
16,22,0.146717
16,23,0.139321
16,24,0.134963
16,25,0.133464
16,26,0.134963
16,27,0.139321
16,28,0.146717
16,29,0.156888
16,30,0.169667
16,31,0.184008
16,32,0.198439
16,33,0.210458
16,34,0.216936
16,35,0.215021
16,36,0.202769
16,37,0.180201
16,38,0.149939
16,39,0.116356
16,40,0.0838377
16,41,0.0558771
16,42,0.0345149
16,43,0.0198484
16,44,0.0105775
16,45,0.00512459
16,46,0.00219965
16,47,0.000818359
16,48,0.000260817
16,49,7.57505e-05
17,0,0
17,1,0.000119479
17,2,0.000431945
17,3,0.00127323
17,4,0.00323261
17,5,0.00719684
17,6,0.0143626
17,7,0.0262698
17,8,0.0445918
17,9,0.0702135
17,10,0.102067
17,11,0.137029
17,12,0.170588
17,13,0.197413
17,14,0.213253
17,15,0.217119
17,16,0.210458
17,17,0.19631
17,18,0.178778
17,19,0.160897
17,20,0.144841
17,21,0.131664
17,22,0.121598
17,23,0.114688
17,24,0.11059
17,25,0.109299
17,26,0.11059
17,27,0.114688
17,28,0.121598
17,29,0.131664
17,30,0.144841
17,31,0.160898
17,32,0.178778
17,33,0.19631
17,34,0.210458
17,35,0.217119
17,36,0.213253
17,37,0.197413
17,38,0.170588
17,39,0.137029
17,40,0.102067
17,41,0.0702135
17,42,0.0445918
17,43,0.0262698
17,44,0.0143626
17,45,0.00719685
17,46,0.00323266
17,47,0.0012738
17,48,0.000436121
17,49,0.00014344
18,0,0
18,1,0.000191789
18,2,0.000656859
18,3,0.00183595
18,4,0.00445615
18,5,0.00957657
18,6,0.0186082
18,7,0.0332836
18,8,0.0551943
18,9,0.0846147
18,10,0.119472
18,11,0.155511
18,12,0.187099
18,13,0.208644
18,14,0.217101
18,15,0.212785
18,16,0.198439
18,17,0.178778
18,18,0.157967
18,19,0.138758
18,20,0.122893
18,21,0.110403
18,22,0.101447
18,23,0.0952898
18,24,0.091851
18,25,0.0906561
18,26,0.091851
18,27,0.0952898
18,28,0.101447
18,29,0.110403
18,30,0.122893
18,31,0.138758
18,32,0.157967
18,33,0.178778
18,34,0.198439
18,35,0.212785
18,36,0.217101
18,37,0.208644
18,38,0.187099
18,39,0.155511
18,40,0.119472
18,41,0.0846147
18,42,0.0551943
18,43,0.0332836
18,44,0.0186082
18,45,0.00957659
18,46,0.00445639
18,47,0.00183769
18,48,0.000667224
18,49,0.000242877
19,0,0
19,1,0.00028199
19,2,0.000925612
19,3,0.00248076
19,4,0.00581259
19,5,0.01215
19,6,0.0230968
19,7,0.0404977
19,8,0.0657281
19,9,0.0983352
19,10,0.135152
19,11,0.170842
19,12,0.199198
19,13,0.214914
19,14,0.215888
19,15,0.204056
19,16,0.184008
19,17,0.160897
19,18,0.138758
19,19,0.119978
19,20,0.105143
19,21,0.0941338
19,22,0.0863341
19,23,0.0811007
19,24,0.0781541
19,25,0.0771328
19,26,0.078154
19,27,0.0811007
19,28,0.0863341
19,29,0.0941337
19,30,0.105143
19,31,0.119978
19,32,0.138758
19,33,0.160897
19,34,0.184008
19,35,0.204056
19,36,0.215888
19,37,0.214914
19,38,0.199198
19,39,0.170842
19,40,0.135152
19,41,0.0983352
19,42,0.0657281
19,43,0.0404977
19,44,0.0230968
19,45,0.0121501
19,46,0.00581322
19,47,0.00248468
19,48,0.000946163
19,49,0.000373652
20,0,0
20,1,0.000384398
20,2,0.00122089
20,3,0.00316673
20,4,0.00721843
20,5,0.0147618
20,6,0.0275601
20,7,0.0474941
20,8,0.0756076
20,9,0.110649
20,10,0.148475
20,11,0.18296
20,12,0.20744
20,13,0.216989
20,14,0.211178
20,15,0.193657
20,16,0.169667
20,17,0.144841
20,18,0.122893
20,19,0.105143
20,20,0.0918804
20,21,0.0821889
20,22,0.0753812
20,23,0.0707496
20,24,0.0680435
20,25,0.067119
20,26,0.0680435
20,27,0.0707496
20,28,0.0753812
20,29,0.0821888
20,30,0.0918804
20,31,0.105144
20,32,0.122893
20,33,0.144841
20,34,0.169667
20,35,0.193657
20,36,0.211178
20,37,0.216989
20,38,0.20744
20,39,0.18296
20,40,0.148475
20,41,0.110649
20,42,0.0756075
20,43,0.0474941
20,44,0.0275601
20,45,0.014762
20,46,0.00721971
20,47,0.00317393
20,48,0.00125565
20,49,0.000528808
21,0,0
21,1,0.000490224
21,2,0.00151852
21,3,0.00384117
21,4,0.00857279
21,5,0.0172354
21,6,0.0317105
21,7,0.0538442
21,8,0.084303
21,9,0.121106
21,10,0.159256
21,11,0.191901
21,12,0.212287
21,13,0.216471
21,14,0.205283
21,15,0.1833
21,16,0.156888
21,17,0.131664
21,18,0.110403
21,19,0.0941338
21,20,0.0821888
21,21,0.0735098
21,22,0.0672686
21,23,0.0627564
21,24,0.060001
21,25,0.0589282
21,26,0.0600009
21,27,0.0627564
21,28,0.0672687
21,29,0.0735098
21,30,0.0821889
21,31,0.0941338
21,32,0.110403
21,33,0.131664
21,34,0.156888
21,35,0.1833
21,36,0.205283
21,37,0.216472
21,38,0.212287
21,39,0.191901
21,40,0.159256
21,41,0.121106
21,42,0.084303
21,43,0.0538442
21,44,0.0317106
21,45,0.0172357
21,46,0.00857497
21,47,0.00385257
21,48,0.0015704
21,49,0.000694974
22,0,0
22,1,0.000588742
22,2,0.00179054
22,3,0.00444626
22,4,0.00976908
22,5,0.0193892
22,6,0.0352672
22,7,0.0591813
22,8,0.0914339
22,9,0.129387
22,10,0.167354
22,11,0.198111
22,12,0.215
22,13,0.214654
22,14,0.199116
22,15,0.174299
22,16,0.146717
22,17,0.121598
22,18,0.101447
22,19,0.0863341
22,20,0.0753813
22,21,0.0672687
22,22,0.0610433
22,23,0.0562143
22,24,0.0527307
22,25,0.051293
22,26,0.0527308
22,27,0.0562142
22,28,0.0610433
22,29,0.0672686
22,30,0.0753812
22,31,0.0863341
22,32,0.101447
22,33,0.121598
22,34,0.146717
22,35,0.174299
22,36,0.199116
22,37,0.214654
22,38,0.215
22,39,0.198111
22,40,0.167354
22,41,0.129387
22,42,0.0914339
22,43,0.0591813
22,44,0.0352673
22,45,0.0193898
22,46,0.00977227
22,47,0.00446225
22,48,0.00186029
22,49,0.000854062
23,0,0
23,1,0.000668966
23,2,0.00200919
23,3,0.00492614
23,4,0.0107069
23,5,0.02106
23,6,0.0379935
23,7,0.0632053
23,8,0.0966922
23,9,0.135341
23,10,0.173001
23,11,0.202111
23,12,0.216104
23,13,0.2125
23,14,0.194277
23,15,0.167581
23,16,0.139321
23,17,0.114688
23,18,0.0952898
23,19,0.0811007
23,20,0.0707497
23,21,0.0627564
23,22,0.0562142
23,23,0.0502875
23,24,0.0452374
23,25,0.0423112
23,26,0.0452375
23,27,0.0502875
23,28,0.0562141
23,29,0.0627564
23,30,0.0707496
23,31,0.0811008
23,32,0.0952898
23,33,0.114688
23,34,0.139321
23,35,0.167581
23,36,0.194277
23,37,0.2125
23,38,0.216104
23,39,0.202111
23,40,0.173001
23,41,0.135341
23,42,0.0966922
23,43,0.0632053
23,44,0.0379936
23,45,0.0210607
23,46,0.010711
23,47,0.00494629
23,48,0.00209469
23,49,0.000986307
24,0,0
24,1,0.000721402
24,2,0.0021509
24,3,0.00523454
24,4,0.0113051
24,5,0.0221178
24,6,0.0397035
24,7,0.0657034
24,8,0.0999205
24,9,0.138925
24,10,0.176256
24,11,0.204269
24,12,0.216599
24,13,0.211017
24,14,0.190949
24,15,0.163308
24,16,0.134963
24,17,0.11059
24,18,0.0918511
24,19,0.0781541
24,20,0.0680435
24,21,0.0600009
24,22,0.0527307
24,23,0.0452376
24,24,0.0367781
24,25,0.0288188
24,26,0.0367779
24,27,0.0452376
24,28,0.0527307
24,29,0.0600009
24,30,0.0680434
24,31,0.0781541
24,32,0.091851
24,33,0.11059
24,34,0.134963
24,35,0.163308
24,36,0.190949
24,37,0.211017
24,38,0.216599
24,39,0.204269
24,40,0.176256
24,41,0.138925
24,42,0.0999205
24,43,0.0657034
24,44,0.0397037
24,45,0.0221187
24,46,0.01131
24,47,0.00525761
24,48,0.00224725
24,49,0.00107393
25,0,0
25,1,0.000739636
25,2,0.00219999
25,3,0.00534089
25,4,0.0115105
25,5,0.0224798
25,6,0.0402874
25,7,0.0665507
25,8,0.100999
25,9,0.140112
25,10,0.177357
25,11,0.204993
25,12,0.216623
25,13,0.210363
25,14,0.18994
25,15,0.161982
25,16,0.133464
25,17,0.109299
25,18,0.0906561
25,19,0.0771328
25,20,0.067119
25,21,0.0589282
25,22,0.0512929
25,23,0.0423112
25,24,0.0288188
25,25,1.86645e-05
25,26,0.0288187
25,27,0.0423112
25,28,0.051293
25,29,0.0589283
25,30,0.067119
25,31,0.0771329
25,32,0.0906561
25,33,0.109299
25,34,0.133464
25,35,0.161982
25,36,0.18994
25,37,0.210363
25,38,0.216623
25,39,0.204993
25,40,0.177357
25,41,0.140112
25,42,0.100999
25,43,0.0665507
25,44,0.0402876
25,45,0.0224808
25,46,0.0115156
25,47,0.00536501
25,48,0.00230021
25,49,0.00110461
26,0,0
26,1,0.000721402
26,2,0.0021509
26,3,0.00523454
26,4,0.0113051
26,5,0.0221178
26,6,0.0397035
26,7,0.0657034
26,8,0.0999205
26,9,0.138925
26,10,0.176256
26,11,0.204269
26,12,0.216599
26,13,0.211017
26,14,0.190949
26,15,0.163308
26,16,0.134963
26,17,0.11059
26,18,0.0918511
26,19,0.0781541
26,20,0.0680435
26,21,0.0600009
26,22,0.0527307
26,23,0.0452376
26,24,0.0367781
26,25,0.0288188
26,26,0.0367779
26,27,0.0452376
26,28,0.0527307
26,29,0.0600009
26,30,0.0680434
26,31,0.0781541
26,32,0.091851
26,33,0.11059
26,34,0.134963
26,35,0.163308
26,36,0.190949
26,37,0.211017
26,38,0.216599
26,39,0.204269
26,40,0.176256
26,41,0.138925
26,42,0.0999205
26,43,0.0657034
26,44,0.0397037
26,45,0.0221187
26,46,0.01131
26,47,0.00525761
26,48,0.00224725
26,49,0.00107393
27,0,0
27,1,0.000668966
27,2,0.00200919
27,3,0.00492614
27,4,0.0107069
27,5,0.02106
27,6,0.0379935
27,7,0.0632053
27,8,0.0966922
27,9,0.135341
27,10,0.173001
27,11,0.202111
27,12,0.216104
27,13,0.2125
27,14,0.194277
27,15,0.167581
27,16,0.139321
27,17,0.114688
27,18,0.0952898
27,19,0.0811007
27,20,0.0707497
27,21,0.0627564
27,22,0.0562142
27,23,0.0502875
27,24,0.0452374
27,25,0.0423112
27,26,0.0452375
27,27,0.0502875
27,28,0.0562141
27,29,0.0627564
27,30,0.0707496
27,31,0.0811008
27,32,0.0952898
27,33,0.114688
27,34,0.139321
27,35,0.167581
27,36,0.194277
27,37,0.2125
27,38,0.216104
27,39,0.202111
27,40,0.173001
27,41,0.135341
27,42,0.0966922
27,43,0.0632053
27,44,0.0379936
27,45,0.0210607
27,46,0.010711
27,47,0.00494629
27,48,0.00209469
27,49,0.000986307
28,0,0
28,1,0.000588742
28,2,0.00179054
28,3,0.00444626
28,4,0.00976908
28,5,0.0193892
28,6,0.0352672
28,7,0.0591813
28,8,0.0914339
28,9,0.129387
28,10,0.167354
28,11,0.198111
28,12,0.215
28,13,0.214654
28,14,0.199116
28,15,0.174299
28,16,0.146717
28,17,0.121598
28,18,0.101447
28,19,0.0863341
28,20,0.0753813
28,21,0.0672687
28,22,0.0610433
28,23,0.0562143
28,24,0.0527307
28,25,0.051293
28,26,0.0527308
28,27,0.0562142
28,28,0.0610433
28,29,0.0672686
28,30,0.0753812
28,31,0.0863341
28,32,0.101447
28,33,0.121598
28,34,0.146717
28,35,0.174299
28,36,0.199116
28,37,0.214654
28,38,0.215
28,39,0.198111
28,40,0.167354
28,41,0.129387
28,42,0.0914339
28,43,0.0591813
28,44,0.0352673
28,45,0.0193898
28,46,0.00977227
28,47,0.00446225
28,48,0.00186029
28,49,0.000854062
29,0,0
29,1,0.000490224
29,2,0.00151852
29,3,0.00384117
29,4,0.00857279
29,5,0.0172354
29,6,0.0317105
29,7,0.0538442
29,8,0.084303
29,9,0.121106
29,10,0.159256
29,11,0.191901
29,12,0.212287
29,13,0.216471
29,14,0.205283
29,15,0.1833
29,16,0.156888
29,17,0.131664
29,18,0.110403
29,19,0.0941338
29,20,0.0821888
29,21,0.0735098
29,22,0.0672686
29,23,0.0627564
29,24,0.060001
29,25,0.0589282
29,26,0.0600009
29,27,0.0627564
29,28,0.0672687
29,29,0.0735098
29,30,0.0821889
29,31,0.0941338
29,32,0.110403
29,33,0.131664
29,34,0.156888
29,35,0.1833
29,36,0.205283
29,37,0.216472
29,38,0.212287
29,39,0.191901
29,40,0.159256
29,41,0.121106
29,42,0.084303
29,43,0.0538442
29,44,0.0317106
29,45,0.0172357
29,46,0.00857497
29,47,0.00385257
29,48,0.0015704
29,49,0.000694974
30,0,0
30,1,0.000384398
30,2,0.00122089
30,3,0.00316673
30,4,0.00721843
30,5,0.0147618
30,6,0.0275601
30,7,0.0474941
30,8,0.0756076
30,9,0.110649
30,10,0.148475
30,11,0.18296
30,12,0.20744
30,13,0.216989
30,14,0.211178
30,15,0.193657
30,16,0.169667
30,17,0.144841
30,18,0.122893
30,19,0.105143
30,20,0.0918804
30,21,0.0821889
30,22,0.0753812
30,23,0.0707496
30,24,0.0680435
30,25,0.067119
30,26,0.0680435
30,27,0.0707496
30,28,0.0753812
30,29,0.0821888
30,30,0.0918804
30,31,0.105144
30,32,0.122893
30,33,0.144841
30,34,0.169667
30,35,0.193657
30,36,0.211178
30,37,0.216989
30,38,0.20744
30,39,0.18296
30,40,0.148475
30,41,0.110649
30,42,0.0756075
30,43,0.0474941
30,44,0.0275601
30,45,0.014762
30,46,0.00721971
30,47,0.00317393
30,48,0.00125565
30,49,0.000528808
31,0,0
31,1,0.00028199
31,2,0.000925612
31,3,0.00248076
31,4,0.00581259
31,5,0.01215
31,6,0.0230968
31,7,0.0404977
31,8,0.0657281
31,9,0.0983352
31,10,0.135152
31,11,0.170842
31,12,0.199198
31,13,0.214914
31,14,0.215888
31,15,0.204056
31,16,0.184008
31,17,0.160897
31,18,0.138758
31,19,0.119978
31,20,0.105143
31,21,0.0941338
31,22,0.0863341
31,23,0.0811007
31,24,0.0781541
31,25,0.0771328
31,26,0.078154
31,27,0.0811007
31,28,0.0863341
31,29,0.0941337
31,30,0.105143
31,31,0.119978
31,32,0.138758
31,33,0.160897
31,34,0.184008
31,35,0.204056
31,36,0.215888
31,37,0.214914
31,38,0.199198
31,39,0.170842
31,40,0.135152
31,41,0.0983352
31,42,0.0657281
31,43,0.0404977
31,44,0.0230968
31,45,0.0121501
31,46,0.00581322
31,47,0.00248468
31,48,0.000946163
31,49,0.000373652
32,0,0
32,1,0.000191789
32,2,0.000656859
32,3,0.00183595
32,4,0.00445615
32,5,0.00957657
32,6,0.0186082
32,7,0.0332836
32,8,0.0551943
32,9,0.0846147
32,10,0.119472
32,11,0.155511
32,12,0.187099
32,13,0.208644
32,14,0.217101
32,15,0.212785
32,16,0.198439
32,17,0.178778
32,18,0.157967
32,19,0.138758
32,20,0.122893
32,21,0.110403
32,22,0.101447
32,23,0.0952898
32,24,0.091851
32,25,0.0906561
32,26,0.091851
32,27,0.0952898
32,28,0.101447
32,29,0.110403
32,30,0.122893
32,31,0.138758
32,32,0.157967
32,33,0.178778
32,34,0.198439
32,35,0.212785
32,36,0.217101
32,37,0.208644
32,38,0.187099
32,39,0.155511
32,40,0.119472
32,41,0.0846147
32,42,0.0551943
32,43,0.0332836
32,44,0.0186082
32,45,0.00957659
32,46,0.00445639
32,47,0.00183769
32,48,0.000667224
32,49,0.000242877
33,0,0
33,1,0.000119479
33,2,0.000431945
33,3,0.00127323
33,4,0.00323261
33,5,0.00719684
33,6,0.0143626
33,7,0.0262698
33,8,0.0445918
33,9,0.0702135
33,10,0.102067
33,11,0.137029
33,12,0.170588
33,13,0.197413
33,14,0.213253
33,15,0.217119
33,16,0.210458
33,17,0.19631
33,18,0.178778
33,19,0.160897
33,20,0.144841
33,21,0.131664
33,22,0.121598
33,23,0.114688
33,24,0.11059
33,25,0.109299
33,26,0.11059
33,27,0.114688
33,28,0.121598
33,29,0.131664
33,30,0.144841
33,31,0.160898
33,32,0.178778
33,33,0.19631
33,34,0.210458
33,35,0.217119
33,36,0.213253
33,37,0.197413
33,38,0.170588
33,39,0.137029
33,40,0.102067
33,41,0.0702135
33,42,0.0445918
33,43,0.0262698
33,44,0.0143626
33,45,0.00719685
33,46,0.00323266
33,47,0.0012738
33,48,0.000436121
33,49,0.00014344
34,0,0
34,1,6.70943e-05
34,2,0.000259686
34,3,0.000818275
34,4,0.00219965
34,5,0.00512459
34,6,0.0105775
34,7,0.0198484
34,8,0.0345149
34,9,0.0558771
34,10,0.0838377
34,11,0.116356
34,12,0.149939
34,13,0.180201
34,14,0.202769
34,15,0.215021
34,16,0.216936
34,17,0.210458
34,18,0.198439
34,19,0.184008
34,20,0.169667
34,21,0.156888
34,22,0.146717
34,23,0.139321
34,24,0.134963
34,25,0.133464
34,26,0.134963
34,27,0.139321
34,28,0.146717
34,29,0.156888
34,30,0.169667
34,31,0.184008
34,32,0.198439
34,33,0.210458
34,34,0.216936
34,35,0.215021
34,36,0.202769
34,37,0.180201
34,38,0.149939
34,39,0.116356
34,40,0.0838377
34,41,0.0558771
34,42,0.0345149
34,43,0.0198484
34,44,0.0105775
34,45,0.00512459
34,46,0.00219965
34,47,0.000818359
34,48,0.000260817
34,49,7.57505e-05
35,0,0
35,1,3.3275e-05
35,2,0.000140186
35,3,0.000479968
35,4,0.00138709
35,5,0.00342681
35,6,0.00738814
35,7,0.0143011
35,8,0.0255178
35,9,0.0424694
35,10,0.0657796
35,11,0.0945346
35,12,0.126388
35,13,0.157791
35,14,0.184764
35,15,0.204369
35,16,0.215021
35,17,0.217119
35,18,0.212785
35,19,0.204056
35,20,0.193657
35,21,0.1833
35,22,0.174299
35,23,0.167581
35,24,0.163308
35,25,0.161982
35,26,0.163308
35,27,0.167581
35,28,0.174299
35,29,0.1833
35,30,0.193657
35,31,0.204056
35,32,0.212785
35,33,0.217119
35,34,0.215021
35,35,0.204369
35,36,0.184764
35,37,0.157791
35,38,0.126388
35,39,0.0945346
35,40,0.0657796
35,41,0.0424694
35,42,0.0255178
35,43,0.0143011
35,44,0.00738814
35,45,0.00342681
35,46,0.00138708
35,47,0.000479927
35,48,0.000140223
35,49,3.50881e-05
36,0,0
36,1,1.42417e-05
36,2,6.64438e-05
36,3,0.000251641
36,4,0.000796408
36,5,0.00212407
36,6,0.00485422
36,7,0.00977641
36,8,0.0179453
36,9,0.0307135
36,10,0.0491276
36,11,0.0730642
36,12,0.101281
36,13,0.131554
36,14,0.160425
36,15,0.184764
36,16,0.202769
36,17,0.213253
36,18,0.217101
36,19,0.215888
36,20,0.211178
36,21,0.205283
36,22,0.199116
36,23,0.194277
36,24,0.190949
36,25,0.18994
36,26,0.190948
36,27,0.194277
36,28,0.199116
36,29,0.205283
36,30,0.211178
36,31,0.215888
36,32,0.217101
36,33,0.213253
36,34,0.202769
36,35,0.184764
36,36,0.160425
36,37,0.131554
36,38,0.101281
36,39,0.0730642
36,40,0.0491276
36,41,0.0307135
36,42,0.0179453
36,43,0.00977641
36,44,0.00485422
36,45,0.00212407
36,46,0.000796402
36,47,0.000251603
36,48,6.62845e-05
36,49,1.3968e-05
37,0,0
37,1,5.14616e-06
37,2,2.70059e-05
37,3,0.000115032
37,4,0.000406303
37,5,0.00119502
37,6,0.00295783
37,7,0.00630096
37,8,0.0119703
37,9,0.0210316
37,10,0.0347224
37,11,0.0535572
37,12,0.0768966
37,13,0.103575
37,14,0.131554
37,15,0.157791
37,16,0.180201
37,17,0.197413
37,18,0.208644
37,19,0.214914
37,20,0.216989
37,21,0.216471
37,22,0.214654
37,23,0.2125
37,24,0.211017
37,25,0.210363
37,26,0.211017
37,27,0.2125
37,28,0.214654
37,29,0.216471
37,30,0.216989
37,31,0.214914
37,32,0.208644
37,33,0.197413
37,34,0.180201
37,35,0.157791
37,36,0.131554
37,37,0.103575
37,38,0.0768966
37,39,0.0535573
37,40,0.0347224
37,41,0.0210316
37,42,0.0119703
37,43,0.00630096
37,44,0.00295783
37,45,0.00119502
37,46,0.000406301
37,47,0.000115015
37,48,2.69042e-05
37,49,4.69034e-06
38,0,0
38,1,1.54187e-06
38,2,9.22027e-06
38,3,4.47634e-05
38,4,0.000179274
38,5,0.000593152
38,6,0.00162941
38,7,0.00376811
38,8,0.00754718
38,9,0.0136494
38,10,0.0231071
38,11,0.0369149
38,12,0.0551104
38,13,0.0768966
38,14,0.101281
38,15,0.126388
38,16,0.149939
38,17,0.170588
38,18,0.187099
38,19,0.199198
38,20,0.20744
38,21,0.212287
38,22,0.215
38,23,0.216104
38,24,0.216599
38,25,0.216623
38,26,0.216599
38,27,0.216104
38,28,0.215
38,29,0.212287
38,30,0.20744
38,31,0.199198
38,32,0.187099
38,33,0.170588
38,34,0.149939
38,35,0.126388
38,36,0.101281
38,37,0.0768966
38,38,0.0551104
38,39,0.0369149
38,40,0.0231071
38,41,0.0136494
38,42,0.00754719
38,43,0.00376811
38,44,0.00162941
38,45,0.000593152
38,46,0.000179274
38,47,4.47584e-05
38,48,9.18178e-06
38,49,1.30831e-06
39,0,0
39,1,3.77779e-07
39,2,2.60255e-06
39,3,1.45476e-05
39,4,6.68252e-05
39,5,0.000252426
39,6,0.000785492
39,7,0.00202701
39,8,0.00441403
39,9,0.0083892
39,10,0.0145589
39,11,0.0238399
39,12,0.0369149
39,13,0.0535573
39,14,0.0730642
39,15,0.0945346
39,16,0.116356
39,17,0.137029
39,18,0.155511
39,19,0.170842
39,20,0.18296
39,21,0.191901
39,22,0.198111
39,23,0.202111
39,24,0.204269
39,25,0.204993
39,26,0.204269
39,27,0.202111
39,28,0.198111
39,29,0.191901
39,30,0.18296
39,31,0.170842
39,32,0.155511
39,33,0.137029
39,34,0.116356
39,35,0.0945346
39,36,0.0730642
39,37,0.0535573
39,38,0.0369149
39,39,0.0238399
39,40,0.0145589
39,41,0.0083892
39,42,0.00441403
39,43,0.00202701
39,44,0.000785492
39,45,0.000252426
39,46,6.68251e-05
39,47,1.45465e-05
39,48,2.5922e-06
39,49,2.99481e-07
40,0,0
40,1,7.48517e-08
40,2,6.00187e-07
40,3,3.89485e-06
40,4,2.06891e-05
40,5,9.00851e-05
40,6,0.000321824
40,7,0.000945913
40,8,0.00230774
40,9,0.00477256
40,10,0.00868644
40,11,0.014559
40,12,0.0231071
40,13,0.0347224
40,14,0.0491276
40,15,0.0657796
40,16,0.0838377
40,17,0.102067
40,18,0.119472
40,19,0.135152
40,20,0.148475
40,21,0.159256
40,22,0.167354
40,23,0.173001
40,24,0.176256
40,25,0.177357
40,26,0.176256
40,27,0.173001
40,28,0.167354
40,29,0.159256
40,30,0.148475
40,31,0.135152
40,32,0.119472
40,33,0.102067
40,34,0.0838377
40,35,0.0657796
40,36,0.0491276
40,37,0.0347224
40,38,0.0231071
40,39,0.0145589
40,40,0.00868644
40,41,0.00477256
40,42,0.00230774
40,43,0.000945913
40,44,0.000321824
40,45,9.00851e-05
40,46,2.06891e-05
40,47,3.89467e-06
40,48,5.98113e-07
40,49,5.56747e-08
41,0,0
41,1,1.18675e-08
41,2,1.12e-07
41,3,8.50684e-07
41,4,5.26071e-06
41,5,2.65744e-05
41,6,0.000109838
41,7,0.000372086
41,8,0.00103758
41,9,0.00240916
41,10,0.00477256
41,11,0.0083892
41,12,0.0136494
41,13,0.0210316
41,14,0.0307135
41,15,0.0424694
41,16,0.0558771
41,17,0.0702135
41,18,0.0846148
41,19,0.0983352
41,20,0.110649
41,21,0.121106
41,22,0.129387
41,23,0.135341
41,24,0.138925
41,25,0.140112
41,26,0.138925
41,27,0.135341
41,28,0.129387
41,29,0.121106
41,30,0.110649
41,31,0.0983352
41,32,0.0846148
41,33,0.0702135
41,34,0.0558771
41,35,0.0424694
41,36,0.0307135
41,37,0.0210316
41,38,0.0136494
41,39,0.0083892
41,40,0.00477256
41,41,0.00240916
41,42,0.00103758
41,43,0.000372086
41,44,0.000109838
41,45,2.65744e-05
41,46,5.26071e-06
41,47,8.50662e-07
41,48,1.11686e-07
41,49,8.31874e-09
42,0,0
42,1,1.48742e-09
42,2,1.67507e-08
42,3,1.50343e-07
42,4,1.09005e-06
42,5,6.42304e-06
42,6,3.08666e-05
42,7,0.000121253
42,8,0.000390488
42,9,0.00103758
42,10,0.00230774
42,11,0.00441403
42,12,0.00754719
42,13,0.0119703
42,14,0.0179453
42,15,0.0255178
42,16,0.0345149
42,17,0.0445918
42,18,0.0551943
42,19,0.0657281
42,20,0.0756075
42,21,0.084303
42,22,0.0914339
42,23,0.0966922
42,24,0.0999205
42,25,0.100999
42,26,0.0999205
42,27,0.0966922
42,28,0.0914339
42,29,0.084303
42,30,0.0756075
42,31,0.0657281
42,32,0.0551943
42,33,0.0445918
42,34,0.0345149
42,35,0.0255178
42,36,0.0179453
42,37,0.0119703
42,38,0.00754719
42,39,0.00441403
42,40,0.00230774
42,41,0.00103758
42,42,0.000390488
42,43,0.000121253
42,44,3.08666e-05
42,45,6.42304e-06
42,46,1.09005e-06
42,47,1.50341e-07
42,48,1.67147e-08
42,49,9.8675e-10
43,0,0
43,1,1.4501e-10
43,2,1.98462e-09
43,3,2.1315e-08
43,4,1.82807e-07
43,5,1.26432e-06
43,6,7.09559e-06
43,7,3.24437e-05
43,8,0.000121253
43,9,0.000372086
43,10,0.000945913
43,11,0.00202701
43,12,0.00376811
43,13,0.00630096
43,14,0.00977641
43,15,0.0143011
43,16,0.0198484
43,17,0.0262698
43,18,0.0332836
43,19,0.0404977
43,20,0.0474941
43,21,0.0538442
43,22,0.0591813
43,23,0.0632054
43,24,0.0657034
43,25,0.0665507
43,26,0.0657034
43,27,0.0632053
43,28,0.0591813
43,29,0.0538442
43,30,0.0474941
43,31,0.0404977
43,32,0.0332836
43,33,0.0262698
43,34,0.0198484
43,35,0.0143011
43,36,0.00977641
43,37,0.00630096
43,38,0.00376811
43,39,0.00202701
43,40,0.000945913
43,41,0.000372086
43,42,0.000121253
43,43,3.24437e-05
43,44,7.09559e-06
43,45,1.26432e-06
43,46,1.82807e-07
43,47,2.13149e-08
43,48,1.98156e-09
43,49,9.13978e-11
44,0,0
44,1,1.07421e-11
44,2,1.83332e-10
44,3,2.39759e-09
44,4,2.462e-08
44,5,2.01535e-07
44,6,1.32829e-06
44,7,7.09559e-06
44,8,3.08666e-05
44,9,0.000109838
44,10,0.000321824
44,11,0.000785492
44,12,0.00162941
44,13,0.00295783
44,14,0.00485422
44,15,0.00738814
44,16,0.0105775
44,17,0.0143626
44,18,0.0186082
44,19,0.0230968
44,20,0.0275601
44,21,0.0317106
44,22,0.0352673
44,23,0.0379936
44,24,0.0397037
44,25,0.0402876
44,26,0.0397037
44,27,0.0379936
44,28,0.0352673
44,29,0.0317106
44,30,0.0275601
44,31,0.0230968
44,32,0.0186082
44,33,0.0143626
44,34,0.0105775
44,35,0.00738814
44,36,0.00485422
44,37,0.00295783
44,38,0.00162941
44,39,0.000785492
44,40,0.000321824
44,41,0.000109838
44,42,3.08666e-05
44,43,7.09559e-06
44,44,1.32829e-06
44,45,2.01535e-07
44,46,2.462e-08
44,47,2.39758e-09
44,48,1.83144e-10
44,49,6.45517e-12
45,0,0
45,1,5.83221e-13
45,2,1.28995e-11
45,3,2.10649e-10
45,4,2.63471e-09
45,5,2.583e-08
45,6,2.01535e-07
45,7,1.26432e-06
45,8,6.42304e-06
45,9,2.65744e-05
45,10,9.00851e-05
45,11,0.000252426
45,12,0.000593152
45,13,0.00119502
45,14,0.00212407
45,15,0.00342681
45,16,0.00512459
45,17,0.00719684
45,18,0.00957659
45,19,0.0121501
45,20,0.014762
45,21,0.0172357
45,22,0.0193898
45,23,0.0210607
45,24,0.0221187
45,25,0.0224808
45,26,0.0221187
45,27,0.0210607
45,28,0.0193898
45,29,0.0172357
45,30,0.014762
45,31,0.0121501
45,32,0.00957659
45,33,0.00719684
45,34,0.00512459
45,35,0.00342681
45,36,0.00212407
45,37,0.00119502
45,38,0.000593152
45,39,0.000252426
45,40,9.00851e-05
45,41,2.65744e-05
45,42,6.42304e-06
45,43,1.26432e-06
45,44,2.01535e-07
45,45,2.583e-08
45,46,2.63471e-09
45,47,2.10648e-10
45,48,1.28917e-11
45,49,3.35193e-13
46,0,0
46,1,2.18572e-14
46,2,6.66816e-13
46,3,1.41238e-11
46,4,2.20616e-10
46,5,2.63471e-09
46,6,2.462e-08
46,7,1.82807e-07
46,8,1.09005e-06
46,9,5.26071e-06
46,10,2.06891e-05
46,11,6.68251e-05
46,12,0.000179274
46,13,0.000406301
46,14,0.000796401
46,15,0.00138708
46,16,0.00219965
46,17,0.00323266
46,18,0.00445639
46,19,0.00581322
46,20,0.00721971
46,21,0.00857497
46,22,0.00977227
46,23,0.010711
46,24,0.01131
46,25,0.0115156
46,26,0.01131
46,27,0.010711
46,28,0.00977227
46,29,0.00857497
46,30,0.00721971
46,31,0.00581322
46,32,0.00445639
46,33,0.00323266
46,34,0.00219965
46,35,0.00138708
46,36,0.000796402
46,37,0.000406301
46,38,0.000179274
46,39,6.68251e-05
46,40,2.06891e-05
46,41,5.26071e-06
46,42,1.09005e-06
46,43,1.82807e-07
46,44,2.462e-08
46,45,2.63471e-09
46,46,2.20616e-10
46,47,1.41238e-11
46,48,6.66617e-13
46,49,1.20477e-14
47,0,0
47,1,5.04772e-16
47,2,2.38479e-14
47,3,6.97079e-13
47,4,1.41238e-11
47,5,2.10648e-10
47,6,2.39758e-09
47,7,2.13149e-08
47,8,1.50341e-07
47,9,8.50662e-07
47,10,3.89467e-06
47,11,1.45465e-05
47,12,4.47584e-05
47,13,0.000115015
47,14,0.000251603
47,15,0.000479927
47,16,0.000818359
47,17,0.0012738
47,18,0.00183769
47,19,0.00248468
47,20,0.00317393
47,21,0.00385257
47,22,0.00446225
47,23,0.00494629
47,24,0.00525761
47,25,0.00536501
47,26,0.00525761
47,27,0.00494629
47,28,0.00446225
47,29,0.00385257
47,30,0.00317393
47,31,0.00248468
47,32,0.00183769
47,33,0.0012738
47,34,0.000818359
47,35,0.000479927
47,36,0.000251603
47,37,0.000115015
47,38,4.47584e-05
47,39,1.45465e-05
47,40,3.89467e-06
47,41,8.50662e-07
47,42,1.50341e-07
47,43,2.13149e-08
47,44,2.39758e-09
47,45,2.10648e-10
47,46,1.41238e-11
47,47,6.9708e-13
47,48,2.38456e-14
47,49,2.67503e-16
48,0,0
48,1,5.40933e-18
48,2,5.26718e-16
48,3,2.38456e-14
48,4,6.66617e-13
48,5,1.28917e-11
48,6,1.83144e-10
48,7,1.98156e-09
48,8,1.67147e-08
48,9,1.11686e-07
48,10,5.98113e-07
48,11,2.5922e-06
48,12,9.18177e-06
48,13,2.69042e-05
48,14,6.62845e-05
48,15,0.000140223
48,16,0.000260817
48,17,0.000436121
48,18,0.000667224
48,19,0.000946163
48,20,0.00125565
48,21,0.0015704
48,22,0.00186029
48,23,0.00209469
48,24,0.00224725
48,25,0.00230021
48,26,0.00224725
48,27,0.00209469
48,28,0.00186029
48,29,0.0015704
48,30,0.00125565
48,31,0.000946163
48,32,0.000667224
48,33,0.000436121
48,34,0.000260817
48,35,0.000140223
48,36,6.62845e-05
48,37,2.69042e-05
48,38,9.18177e-06
48,39,2.5922e-06
48,40,5.98113e-07
48,41,1.11686e-07
48,42,1.67147e-08
48,43,1.98156e-09
48,44,1.83144e-10
48,45,1.28917e-11
48,46,6.66617e-13
48,47,2.38456e-14
48,48,5.26718e-16
48,49,2.76221e-18
49,0,0
49,1,0
49,2,2.76221e-18
49,3,2.67502e-16
49,4,1.20477e-14
49,5,3.35193e-13
49,6,6.45517e-12
49,7,9.13978e-11
49,8,9.8675e-10
49,9,8.31874e-09
49,10,5.56747e-08
49,11,2.99481e-07
49,12,1.30831e-06
49,13,4.69034e-06
49,14,1.3968e-05
49,15,3.50881e-05
49,16,7.57505e-05
49,17,0.00014344
49,18,0.000242877
49,19,0.000373652
49,20,0.000528808
49,21,0.000694974
49,22,0.000854062
49,23,0.000986307
49,24,0.00107393
49,25,0.00110461
49,26,0.00107393
49,27,0.000986307
49,28,0.000854062
49,29,0.000694974
49,30,0.000528808
49,31,0.000373652
49,32,0.000242877
49,33,0.00014344
49,34,7.57505e-05
49,35,3.50881e-05
49,36,1.3968e-05
49,37,4.69033e-06
49,38,1.30831e-06
49,39,2.99481e-07
49,40,5.56747e-08
49,41,8.31874e-09
49,42,9.8675e-10
49,43,9.13978e-11
49,44,6.45517e-12
49,45,3.35193e-13
49,46,1.20477e-14
49,47,2.67503e-16
49,48,2.76221e-18
49,49,0
