0,0,0
0,1,0
0,2,0
0,3,0
0,4,0
0,5,0
0,6,0
0,7,0
0,8,0
0,9,0
0,10,0
0,11,0
0,12,0
0,13,0
0,14,0
0,15,0
0,16,0
0,17,0
0,18,0
0,19,0
0,20,0
0,21,0
0,22,0
0,23,0
0,24,0
0,25,0
0,26,0
0,27,0
0,28,0
0,29,0
0,30,0
0,31,0
0,32,0
0,33,0
0,34,0
0,35,0
0,36,0
0,37,0
0,38,0
0,39,0
0,40,0
0,41,0
0,42,0
0,43,0
0,44,0
0,45,0
0,46,0
0,47,0
0,48,0
0,49,0
1,0,0
1,1,0
1,2,0
1,3,0
1,4,0
1,5,0
1,6,0
1,7,0
1,8,0
1,9,0
1,10,0
1,11,0
1,12,0
1,13,0
1,14,0
1,15,0
1,16,0
1,17,3.78897e-15
1,18,1.23792e-13
1,19,1.70726e-12
1,20,1.30547e-11
1,21,6.14797e-11
1,22,1.89201e-10
1,23,3.99854e-10
1,24,6.10695e-10
1,25,7.00794e-10
1,26,6.10695e-10
1,27,3.99854e-10
1,28,1.89201e-10
1,29,6.14797e-11
1,30,1.30547e-11
1,31,1.70726e-12
1,32,1.23792e-13
1,33,3.78897e-15
1,34,0
1,35,0
1,36,0
1,37,0
1,38,0
1,39,0
1,40,0
1,41,0
1,42,0
1,43,0
1,44,0
1,45,0
1,46,0
1,47,0
1,48,0
1,49,0
2,0,0
2,1,0
2,2,0
2,3,0
2,4,0
2,5,0
2,6,0
2,7,0
2,8,0
2,9,0
2,10,0
2,11,0
2,12,0
2,13,0
2,14,0
2,15,0
2,16,1.01039e-14
2,17,3.71377e-13
2,18,5.8428e-12
2,19,5.17903e-11
2,20,2.87698e-10
2,21,1.06196e-09
2,22,2.72668e-09
2,23,5.1066e-09
2,24,7.30357e-09
2,25,8.20683e-09
2,26,7.30357e-09
2,27,5.1066e-09
2,28,2.72668e-09
2,29,1.06196e-09
2,30,2.87698e-10
2,31,5.17903e-11
2,32,5.8428e-12
2,33,3.71377e-13
2,34,1.01039e-14
2,35,0
2,36,0
2,37,0
2,38,0
2,39,0
2,40,0
2,41,0
2,42,0
2,43,0
2,44,0
2,45,0
2,46,0
2,47,0
2,48,0
2,49,0
3,0,0
3,1,0
3,2,0
3,3,0
3,4,0
3,5,0
3,6,0
3,7,0
3,8,0
3,9,0
3,10,0
3,11,0
3,12,0
3,13,0
3,14,0
3,15,2.3239e-14
3,16,9.49076e-13
3,17,1.67728e-11
3,18,1.69072e-10
3,19,1.08215e-09
3,20,4.65985e-09
3,21,1.40858e-08
3,22,3.11988e-08
3,23,5.30365e-08
3,24,7.19205e-08
3,25,7.94231e-08
3,26,7.19205e-08
3,27,5.30365e-08
3,28,3.11988e-08
3,29,1.40858e-08
3,30,4.65985e-09
3,31,1.08215e-09
3,32,1.69072e-10
3,33,1.67728e-11
3,34,9.49076e-13
3,35,2.3239e-14
3,36,0
3,37,0
3,38,0
3,39,0
3,40,0
3,41,0
3,42,0
3,43,0
3,44,0
3,45,0
3,46,0
3,47,0
3,48,0
3,49,0
4,0,0
4,1,0
4,2,0
4,3,0
4,4,0
4,5,0
4,6,0
4,7,0
4,8,0
4,9,0
4,10,0
4,11,0
4,12,0
4,13,0
4,14,4.64781e-14
4,15,2.08797e-12
4,16,4.09535e-11
4,17,4.62709e-10
4,18,3.35418e-09
4,19,1.6518e-08
4,20,5.75036e-08
4,21,1.47026e-07
4,22,2.88365e-07
4,23,4.53045e-07
4,24,5.87811e-07
4,25,6.39908e-07
4,26,5.87811e-07
4,27,4.53045e-07
4,28,2.88365e-07
4,29,1.47026e-07
4,30,5.75036e-08
4,31,1.6518e-08
4,32,3.35418e-09
4,33,4.62708e-10
4,34,4.09535e-11
4,35,2.08797e-12
4,36,4.64781e-14
4,37,0
4,38,0
4,39,0
4,40,0
4,41,0
4,42,0
4,43,0
4,44,0
4,45,0
4,46,0
4,47,0
4,48,0
4,49,0
5,0,0
5,1,0
5,2,0
5,3,0
5,4,0
5,5,0
5,6,0
5,7,0
5,8,0
5,9,0
5,10,0
5,11,0
5,12,0
5,13,8.13366e-14
5,14,3.98612e-12
5,15,8.59279e-11
5,16,1.07573e-09
5,17,8.71399e-09
5,18,4.83349e-08
5,19,1.90605e-07
5,20,5.52795e-07
5,21,1.22611e-06
5,22,2.17333e-06
5,23,3.19721e-06
5,24,3.99606e-06
5,25,4.29852e-06
5,26,3.99606e-06
5,27,3.19721e-06
5,28,2.17333e-06
5,29,1.22611e-06
5,30,5.52795e-07
5,31,1.90605e-07
5,32,4.83349e-08
5,33,8.71399e-09
5,34,1.07573e-09
5,35,8.59279e-11
5,36,3.98612e-12
5,37,8.13366e-14
5,38,0
5,39,0
5,40,0
5,41,0
5,42,0
5,43,0
5,44,0
5,45,0
5,46,0
5,47,0
5,48,0
5,49,0
6,0,0
6,1,0
6,2,0
6,3,0
6,4,0
6,5,0
6,6,0
6,7,0
6,8,0
6,9,0
6,10,0
6,11,0
6,12,1.25133e-13
6,13,6.64353e-12
6,14,1.56131e-10
6,15,2.14558e-09
6,16,1.92144e-08
6,17,1.18611e-07
6,18,5.23043e-07
6,19,1.69805e-06
6,20,4.19952e-06
6,21,8.24969e-06
6,22,1.34291e-05
6,23,1.86803e-05
6,24,2.26139e-05
6,25,2.40777e-05
6,26,2.26139e-05
6,27,1.86803e-05
6,28,1.34291e-05
6,29,8.24969e-06
6,30,4.19952e-06
6,31,1.69805e-06
6,32,5.23043e-07
6,33,1.18611e-07
6,34,1.92144e-08
6,35,2.14558e-09
6,36,1.56131e-10
6,37,6.64353e-12
6,38,1.25133e-13
6,39,0
6,40,0
6,41,0
6,42,0
6,43,0
6,44,0
6,45,0
6,46,0
6,47,0
6,48,0
6,49,0
7,0,0
7,1,0
7,2,0
7,3,0
7,4,0
7,5,0
7,6,0
7,7,0
7,8,0
7,9,0
7,10,0
7,11,1.69824e-13
7,12,9.70977e-12
7,13,2.47091e-10
7,14,3.69851e-09
7,15,3.62967e-08
7,16,2.46946e-07
7,17,1.20531e-06
7,18,4.33539e-06
7,19,1.18328e-05
7,20,2.5449e-05
7,21,4.50665e-05
7,22,6.82341e-05
7,23,9.04527e-05
7,24,0.000106547
7,25,0.000112435
7,26,0.000106547
7,27,9.04527e-05
7,28,6.82341e-05
7,29,4.50665e-05
7,30,2.5449e-05
7,31,1.18328e-05
7,32,4.33539e-06
7,33,1.20531e-06
7,34,2.46946e-07
7,35,3.62967e-08
7,36,3.69851e-09
7,37,2.47091e-10
7,38,9.70978e-12
7,39,1.69824e-13
7,40,0
7,41,0
7,42,0
7,43,0
7,44,0
7,45,0
7,46,0
7,47,0
7,48,0
7,49,0
8,0,0
8,1,0
8,2,0
8,3,0
8,4,0
8,5,0
8,6,0
8,7,0
8,8,0
8,9,0
8,10,2.03788e-13
8,11,1.2484e-11
8,12,3.42016e-10
8,13,5.53984e-09
8,14,5.91464e-08
8,15,4.39992e-07
8,16,2.35724e-06
8,17,9.31761e-06
8,18,2.78508e-05
8,19,6.50389e-05
8,20,0.000123841
8,21,0.000200783
8,22,0.000285747
8,23,0.000363493
8,24,0.0004183
8,25,0.000438021
8,26,0.0004183
8,27,0.000363493
8,28,0.000285747
8,29,0.000200783
8,30,0.000123841
8,31,6.50389e-05
8,32,2.78508e-05
8,33,9.31761e-06
8,34,2.35724e-06
8,35,4.39992e-07
8,36,5.91464e-08
8,37,5.53984e-09
8,38,3.42016e-10
8,39,1.2484e-11
8,40,2.03788e-13
8,41,0
8,42,0
8,43,0
8,44,0
8,45,0
8,46,0
8,47,0
8,48,0
8,49,0
9,0,0
9,1,0
9,2,0
9,3,0
9,4,0
9,5,0
9,6,0
9,7,0
9,8,0
9,9,2.16525e-13
9,10,1.41485e-11
9,11,4.15227e-10
9,12,7.23779e-09
9,13,8.35533e-08
9,14,6.75124e-07
9,15,3.94305e-06
9,16,1.70158e-05
9,17,5.53792e-05
9,18,0.000139659
9,19,0.000283805
9,20,0.000486977
9,21,0.000733166
9,22,0.00099026
9,23,0.00121715
9,24,0.00137352
9,25,0.00142914
9,26,0.00137352
9,27,0.00121715
9,28,0.00099026
9,29,0.000733166
9,30,0.000486977
9,31,0.000283805
9,32,0.000139659
9,33,5.53792e-05
9,34,1.70158e-05
9,35,3.94305e-06
9,36,6.75124e-07
9,37,8.35533e-08
9,38,7.23779e-09
9,39,4.15227e-10
9,40,1.41485e-11
9,41,2.16525e-13
9,42,0
9,43,0
9,44,0
9,45,0
9,46,0
9,47,0
9,48,0
9,49,0
10,0,0
10,1,0
10,2,0
10,3,0
10,4,0
10,5,0
10,6,0
10,7,0
10,8,2.03788e-13
10,9,1.41485e-11
10,10,4.42882e-10
10,11,8.26807e-09
10,12,1.02666e-07
10,13,8.96055e-07
10,14,5.67296e-06
10,15,2.65851e-05
10,16,9.37992e-05
10,17,0.000254603
10,18,0.000549966
10,19,0.000991222
10,20,0.0015618
10,21,0.00221391
10,22,0.00286702
10,23,0.00342957
10,24,0.00381001
10,25,0.00394506
10,26,0.00381001
10,27,0.00342957
10,28,0.00286702
10,29,0.00221391
10,30,0.0015618
10,31,0.000991222
10,32,0.000549966
10,33,0.000254603
10,34,9.37992e-05
10,35,2.65851e-05
10,36,5.67296e-06
10,37,8.96055e-07
10,38,1.02666e-07
10,39,8.26807e-09
10,40,4.42882e-10
10,41,1.41485e-11
10,42,2.03788e-13
10,43,0
10,44,0
10,45,0
10,46,0
10,47,0
10,48,0
10,49,0
11,0,0
11,1,0
11,2,0
11,3,0
11,4,0
11,5,0
11,6,0
11,7,1.69824e-13
11,8,1.2484e-11
11,9,4.15227e-10
11,10,8.26807e-09
11,11,1.0994e-07
11,12,1.03161e-06
11,13,7.04642e-06
11,14,3.57056e-05
11,15,0.000136132
11,16,0.000397046
11,17,0.000910692
11,18,0.00171813
11,19,0.00281338
11,20,0.00415505
11,21,0.00562775
11,22,0.00706855
11,23,0.00828958
11,24,0.00910586
11,25,0.00939558
11,26,0.00910586
11,27,0.00828958
11,28,0.00706855
11,29,0.00562774
11,30,0.00415505
11,31,0.00281338
11,32,0.00171813
11,33,0.000910692
11,34,0.000397046
11,35,0.000136132
11,36,3.57056e-05
11,37,7.04642e-06
11,38,1.03161e-06
11,39,1.0994e-07
11,40,8.26807e-09
11,41,4.15227e-10
11,42,1.2484e-11
11,43,1.69824e-13
11,44,0
11,45,0
11,46,0
11,47,0
11,48,0
11,49,0
12,0,0
12,1,0
12,2,0
12,3,0
12,4,0
12,5,0
12,6,1.25133e-13
12,7,9.70977e-12
12,8,3.42016e-10
12,9,7.23779e-09
12,10,1.02666e-07
12,11,1.03161e-06
12,12,7.57272e-06
12,13,4.1349e-05
12,14,0.000169964
12,15,0.000532462
12,16,0.00129867
12,17,0.0025665
12,18,0.00435534
12,19,0.00667737
12,20,0.00944202
12,21,0.0124112
12,22,0.0152889
12,23,0.0176907
12,24,0.019294
12,25,0.0198542
12,26,0.019294
12,27,0.0176907
12,28,0.0152889
12,29,0.0124112
12,30,0.00944202
12,31,0.00667737
12,32,0.00435534
12,33,0.0025665
12,34,0.00129867
12,35,0.000532462
12,36,0.000169964
12,37,4.1349e-05
12,38,7.57272e-06
12,39,1.03161e-06
12,40,1.02666e-07
12,41,7.23779e-09
12,42,3.42016e-10
12,43,9.70977e-12
12,44,1.25133e-13
12,45,0
12,46,0
12,47,0
12,48,0
12,49,0
13,0,0
13,1,0
13,2,0
13,3,0
13,4,0
13,5,8.13366e-14
13,6,6.64353e-12
13,7,2.47091e-10
13,8,5.53984e-09
13,9,8.35533e-08
13,10,8.96055e-07
13,11,7.04642e-06
13,12,4.1349e-05
13,13,0.000182971
13,14,0.000616111
13,15,0.00160345
13,16,0.0033351
13,17,0.00587779
13,18,0.00935261
13,19,0.0138345
13,20,0.0190629
13,21,0.0246302
13,22,0.0299467
13,23,0.0343224
13,24,0.037231
13,25,0.0382276
13,26,0.037231
13,27,0.0343224
13,28,0.0299467
13,29,0.0246302
13,30,0.0190629
13,31,0.0138345
13,32,0.00935261
13,33,0.00587779
13,34,0.0033351
13,35,0.00160345
13,36,0.000616111
13,37,0.000182971
13,38,4.1349e-05
13,39,7.04642e-06
13,40,8.96055e-07
13,41,8.35533e-08
13,42,5.53984e-09
13,43,2.47091e-10
13,44,6.64353e-12
13,45,8.13366e-14
13,46,0
13,47,0
13,48,0
13,49,0
14,0,0
14,1,0
14,2,0
14,3,0
14,4,4.64781e-14
14,5,3.98612e-12
14,6,1.56131e-10
14,7,3.69851e-09
14,8,5.91464e-08
14,9,6.75124e-07
14,10,5.67296e-06
14,11,3.57056e-05
14,12,0.000169964
14,13,0.000616111
14,14,0.00171958
14,15,0.00379524
14,16,0.00699779
14,17,0.0115928
14,18,0.0179954
14,19,0.026098
14,20,0.0353516
14,21,0.0450625
14,22,0.0540578
14,23,0.0613968
14,24,0.0661566
14,25,0.0678128
14,26,0.0661566
14,27,0.0613968
14,28,0.0540578
14,29,0.0450625
14,30,0.0353516
14,31,0.026098
14,32,0.0179954
14,33,0.0115928
14,34,0.00699779
14,35,0.00379524
14,36,0.00171958
14,37,0.000616111
14,38,0.000169964
14,39,3.57056e-05
14,40,5.67296e-06
14,41,6.75124e-07
14,42,5.91464e-08
14,43,3.69851e-09
14,44,1.56131e-10
14,45,3.98612e-12
14,46,4.64781e-14
14,47,0
14,48,0
14,49,0
15,0,0
15,1,0
15,2,0
15,3,2.3239e-14
15,4,2.08797e-12
15,5,8.59279e-11
15,6,2.14558e-09
15,7,3.62967e-08
15,8,4.39992e-07
15,9,3.94305e-06
15,10,2.65851e-05
15,11,0.000136132
15,12,0.000532462
15,13,0.00160345
15,14,0.00379524
15,15,0.00740948
15,16,0.0128654
15,17,0.0209996
15,18,0.0321465
15,19,0.0456542
15,20,0.0607849
15,21,0.0760722
15,22,0.0898391
15,23,0.100866
15,24,0.107806
15,25,0.110285
15,26,0.107806
15,27,0.100866
15,28,0.0898392
15,29,0.0760722
15,30,0.0607849
15,31,0.0456542
15,32,0.0321465
15,33,0.0209996
15,34,0.0128654
15,35,0.00740948
15,36,0.00379524
15,37,0.00160345
15,38,0.000532462
15,39,0.000136132
15,40,2.65851e-05
15,41,3.94305e-06
15,42,4.39992e-07
15,43,3.62967e-08
15,44,2.14558e-09
15,45,8.59279e-11
15,46,2.08797e-12
15,47,2.3239e-14
15,48,0
15,49,0
16,0,0
16,1,0
16,2,1.01039e-14
16,3,9.49075e-13
16,4,4.09535e-11
16,5,1.07573e-09
16,6,1.92144e-08
16,7,2.46946e-07
16,8,2.35724e-06
16,9,1.70158e-05
16,10,9.37992e-05
16,11,0.000397046
16,12,0.00129867
16,13,0.0033351
16,14,0.00699779
16,15,0.0128654
16,16,0.0220979
16,17,0.0356941
16,18,0.0532163
16,19,0.0738287
16,20,0.0961876
16,21,0.117698
16,22,0.136704
16,23,0.151232
16,24,0.160349
16,25,0.163445
16,26,0.160349
16,27,0.151232
16,28,0.136704
16,29,0.117698
16,30,0.0961876
16,31,0.0738287
16,32,0.0532163
16,33,0.0356941
16,34,0.0220979
16,35,0.0128654
16,36,0.00699779
16,37,0.0033351
16,38,0.00129867
16,39,0.000397046
16,40,9.37992e-05
16,41,1.70158e-05
16,42,2.35724e-06
16,43,2.46946e-07
16,44,1.92144e-08
16,45,1.07573e-09
16,46,4.09535e-11
16,47,9.49075e-13
16,48,1.01039e-14
16,49,0
17,0,0
17,1,3.78897e-15
17,2,3.71377e-13
17,3,1.67728e-11
17,4,4.62709e-10
17,5,8.71399e-09
17,6,1.18611e-07
17,7,1.20531e-06
17,8,9.31761e-06
17,9,5.53792e-05
17,10,0.000254603
17,11,0.000910692
17,12,0.0025665
17,13,0.00587779
17,14,0.0115928
17,15,0.0209996
17,16,0.0356941
17,17,0.0560078
17,18,0.0811767
17,19,0.110111
17,20,0.13975
17,21,0.167233
17,22,0.190442
17,23,0.207269
17,24,0.217725
17,25,0.220972
17,26,0.217725
17,27,0.207269
17,28,0.190442
17,29,0.167233
17,30,0.13975
17,31,0.110111
17,32,0.0811767
17,33,0.0560078
17,34,0.0356941
17,35,0.0209996
17,36,0.0115928
17,37,0.00587779
17,38,0.0025665
17,39,0.000910692
17,40,0.000254603
17,41,5.53792e-05
17,42,9.31761e-06
17,43,1.20531e-06
17,44,1.18611e-07
17,45,8.71399e-09
17,46,4.62708e-10
17,47,1.67728e-11
17,48,3.71377e-13
17,49,2.84173e-15
18,0,0
18,1,1.23792e-13
18,2,5.8428e-12
18,3,1.69072e-10
18,4,3.35418e-09
18,5,4.83349e-08
18,6,5.23043e-07
18,7,4.33539e-06
18,8,2.78508e-05
18,9,0.000139659
18,10,0.000549966
18,11,0.00171813
18,12,0.00435534
18,13,0.00935261
18,14,0.0179954
18,15,0.0321465
18,16,0.0532163
18,17,0.0811767
18,18,0.115049
18,19,0.151926
18,20,0.187583
18,21,0.219082
18,22,0.243467
18,23,0.260365
18,24,0.269974
18,25,0.273039
18,26,0.269974
18,27,0.260365
18,28,0.243467
18,29,0.219082
18,30,0.187583
18,31,0.151926
18,32,0.115049
18,33,0.0811767
18,34,0.0532163
18,35,0.0321465
18,36,0.0179954
18,37,0.00935261
18,38,0.00435534
18,39,0.00171813
18,40,0.000549966
18,41,0.000139659
18,42,2.78508e-05
18,43,4.33539e-06
18,44,5.23043e-07
18,45,4.83349e-08
18,46,3.35418e-09
18,47,1.69072e-10
18,48,5.84254e-12
18,49,9.80394e-14
19,0,0
19,1,1.70726e-12
19,2,5.17903e-11
19,3,1.08215e-09
19,4,1.6518e-08
19,5,1.90605e-07
19,6,1.69805e-06
19,7,1.18328e-05
19,8,6.50389e-05
19,9,0.000283805
19,10,0.000991222
19,11,0.00281338
19,12,0.00667737
19,13,0.0138345
19,14,0.026098
19,15,0.0456542
19,16,0.0738287
19,17,0.110111
19,18,0.151926
19,19,0.194734
19,20,0.233767
19,21,0.26503
19,22,0.28677
19,23,0.300044
19,24,0.30644
19,25,0.308459
19,26,0.30644
19,27,0.300044
19,28,0.28677
19,29,0.26503
19,30,0.233767
19,31,0.194734
19,32,0.151926
19,33,0.110111
19,34,0.0738287
19,35,0.0456542
19,36,0.026098
19,37,0.0138345
19,38,0.00667737
19,39,0.00281338
19,40,0.000991222
19,41,0.000283805
19,42,6.50389e-05
19,43,1.18328e-05
19,44,1.69805e-06
19,45,1.90605e-07
19,46,1.6518e-08
19,47,1.08215e-09
19,48,5.17842e-11
19,49,1.43297e-12
20,0,0
20,1,1.30547e-11
20,2,2.87698e-10
20,3,4.65985e-09
20,4,5.75036e-08
20,5,5.52795e-07
20,6,4.19952e-06
20,7,2.5449e-05
20,8,0.000123841
20,9,0.000486977
20,10,0.0015618
20,11,0.00415505
20,12,0.00944202
20,13,0.0190629
20,14,0.0353516
20,15,0.0607849
20,16,0.0961876
20,17,0.13975
20,18,0.187583
20,19,0.233767
20,20,0.271938
20,21,0.298586
20,22,0.313494
20,23,0.319376
20,24,0.320467
20,25,0.320316
20,26,0.320467
20,27,0.319376
20,28,0.313494
20,29,0.298586
20,30,0.271938
20,31,0.233767
20,32,0.187583
20,33,0.13975
20,34,0.0961876
20,35,0.0607849
20,36,0.0353516
20,37,0.0190629
20,38,0.00944202
20,39,0.00415505
20,40,0.0015618
20,41,0.000486977
20,42,0.000123841
20,43,2.5449e-05
20,44,4.19952e-06
20,45,5.52795e-07
20,46,5.75036e-08
20,47,4.65985e-09
20,48,2.87646e-10
20,49,1.16493e-11
21,0,0
21,1,6.14797e-11
21,2,1.06196e-09
21,3,1.40858e-08
21,4,1.47026e-07
21,5,1.22611e-06
21,6,8.24969e-06
21,7,4.50665e-05
21,8,0.000200783
21,9,0.000733166
21,10,0.00221391
21,11,0.00562775
21,12,0.0124112
21,13,0.0246302
21,14,0.0450625
21,15,0.0760722
21,16,0.117698
21,17,0.167233
21,18,0.219082
21,19,0.26503
21,20,0.298586
21,21,0.316976
21,22,0.321421
21,23,0.317475
21,24,0.311139
21,25,0.308359
21,26,0.311139
21,27,0.317474
21,28,0.321421
21,29,0.316976
21,30,0.298586
21,31,0.26503
21,32,0.219082
21,33,0.167233
21,34,0.117698
21,35,0.0760722
21,36,0.0450625
21,37,0.0246302
21,38,0.0124112
21,39,0.00562775
21,40,0.00221391
21,41,0.000733166
21,42,0.000200783
21,43,4.50665e-05
21,44,8.24969e-06
21,45,1.22611e-06
21,46,1.47026e-07
21,47,1.40858e-08
21,48,1.06177e-09
21,49,5.84018e-11
22,0,0
22,1,1.89201e-10
22,2,2.72668e-09
22,3,3.11988e-08
22,4,2.88365e-07
22,5,2.17333e-06
22,6,1.34291e-05
22,7,6.82341e-05
22,8,0.000285747
22,9,0.00099026
22,10,0.00286702
22,11,0.00706855
22,12,0.0152889
22,13,0.0299467
22,14,0.0540578
22,15,0.0898392
22,16,0.136704
22,17,0.190442
22,18,0.243467
22,19,0.28677
22,20,0.313494
22,21,0.321421
22,22,0.31416
22,23,0.298811
22,24,0.284006
22,25,0.277509
22,26,0.284006
22,27,0.298811
22,28,0.314159
22,29,0.321421
22,30,0.313495
22,31,0.28677
22,32,0.243467
22,33,0.190442
22,34,0.136704
22,35,0.0898392
22,36,0.0540578
22,37,0.0299467
22,38,0.0152889
22,39,0.00706855
22,40,0.00286702
22,41,0.00099026
22,42,0.000285747
22,43,6.82341e-05
22,44,1.34291e-05
22,45,2.17333e-06
22,46,2.88365e-07
22,47,3.11988e-08
22,48,2.72652e-09
22,49,1.90741e-10
23,0,0
23,1,3.99854e-10
23,2,5.1066e-09
23,3,5.30365e-08
23,4,4.53045e-07
23,5,3.19721e-06
23,6,1.86803e-05
23,7,9.04527e-05
23,8,0.000363493
23,9,0.00121715
23,10,0.00342957
23,11,0.00828958
23,12,0.0176907
23,13,0.0343224
23,14,0.0613968
23,15,0.100866
23,16,0.151232
23,17,0.207269
23,18,0.260365
23,19,0.300044
23,20,0.319376
23,21,0.317475
23,22,0.298811
23,23,0.272244
23,24,0.24723
23,25,0.234724
23,26,0.24723
23,27,0.272244
23,28,0.298811
23,29,0.317474
23,30,0.319376
23,31,0.300044
23,32,0.260365
23,33,0.207269
23,34,0.151232
23,35,0.100866
23,36,0.0613968
23,37,0.0343224
23,38,0.0176907
23,39,0.00828958
23,40,0.00342957
23,41,0.00121715
23,42,0.000363493
23,43,9.04527e-05
23,44,1.86803e-05
23,45,3.19721e-06
23,46,4.53045e-07
23,47,5.30365e-08
23,48,5.10754e-09
23,49,4.23268e-10
24,0,0
24,1,6.10695e-10
24,2,7.30357e-09
24,3,7.19205e-08
24,4,5.87811e-07
24,5,3.99606e-06
24,6,2.26139e-05
24,7,0.000106547
24,8,0.0004183
24,9,0.00137352
24,10,0.00381001
24,11,0.00910586
24,12,0.019294
24,13,0.037231
24,14,0.0661566
24,15,0.107806
24,16,0.160349
24,17,0.217725
24,18,0.269974
24,19,0.30644
24,20,0.320467
24,21,0.311139
24,22,0.284006
24,23,0.24723
24,24,0.208966
24,25,0.18077
24,26,0.208966
24,27,0.24723
24,28,0.284006
24,29,0.311139
24,30,0.320467
24,31,0.30644
24,32,0.269974
24,33,0.217725
24,34,0.160349
24,35,0.107806
24,36,0.0661566
24,37,0.037231
24,38,0.019294
24,39,0.00910586
24,40,0.00381001
24,41,0.00137352
24,42,0.0004183
24,43,0.000106547
24,44,2.26139e-05
24,45,3.99606e-06
24,46,5.87811e-07
24,47,7.19206e-08
24,48,7.30669e-09
24,49,6.66289e-10
25,0,0
25,1,7.00794e-10
25,2,8.20683e-09
25,3,7.94231e-08
25,4,6.39909e-07
25,5,4.29852e-06
25,6,2.40777e-05
25,7,0.000112435
25,8,0.000438021
25,9,0.00142914
25,10,0.00394506
25,11,0.00939558
25,12,0.0198542
25,13,0.0382276
25,14,0.0678128
25,15,0.110285
25,16,0.163445
25,17,0.220972
25,18,0.273039
25,19,0.308459
25,20,0.320316
25,21,0.308359
25,22,0.277508
25,23,0.234724
25,24,0.18077
25,25,0.0956344
25,26,0.18077
25,27,0.234724
25,28,0.277509
25,29,0.308359
25,30,0.320316
25,31,0.308459
25,32,0.273039
25,33,0.220972
25,34,0.163445
25,35,0.110285
25,36,0.0678128
25,37,0.0382276
25,38,0.0198542
25,39,0.00939558
25,40,0.00394506
25,41,0.00142914
25,42,0.000438021
25,43,0.000112435
25,44,2.40777e-05
25,45,4.29852e-06
25,46,6.39909e-07
25,47,7.94234e-08
25,48,8.2111e-09
25,49,7.72024e-10
26,0,0
26,1,6.10695e-10
26,2,7.30357e-09
26,3,7.19205e-08
26,4,5.87811e-07
26,5,3.99606e-06
26,6,2.26139e-05
26,7,0.000106547
26,8,0.0004183
26,9,0.00137352
26,10,0.00381001
26,11,0.00910586
26,12,0.019294
26,13,0.037231
26,14,0.0661566
26,15,0.107806
26,16,0.160349
26,17,0.217725
26,18,0.269974
26,19,0.30644
26,20,0.320467
26,21,0.311139
26,22,0.284006
26,23,0.24723
26,24,0.208966
26,25,0.18077
26,26,0.208966
26,27,0.24723
26,28,0.284006
26,29,0.311139
26,30,0.320467
26,31,0.30644
26,32,0.269974
26,33,0.217725
26,34,0.160349
26,35,0.107806
26,36,0.0661566
26,37,0.037231
26,38,0.019294
26,39,0.00910586
26,40,0.00381001
26,41,0.00137352
26,42,0.0004183
26,43,0.000106547
26,44,2.26139e-05
26,45,3.99606e-06
26,46,5.87811e-07
26,47,7.19206e-08
26,48,7.30669e-09
26,49,6.66289e-10
27,0,0
27,1,3.99854e-10
27,2,5.1066e-09
27,3,5.30365e-08
27,4,4.53045e-07
27,5,3.19721e-06
27,6,1.86803e-05
27,7,9.04527e-05
27,8,0.000363493
27,9,0.00121715
27,10,0.00342957
27,11,0.00828958
27,12,0.0176907
27,13,0.0343224
27,14,0.0613968
27,15,0.100866
27,16,0.151232
27,17,0.207269
27,18,0.260365
27,19,0.300044
27,20,0.319376
27,21,0.317475
27,22,0.298811
27,23,0.272244
27,24,0.24723
27,25,0.234724
27,26,0.24723
27,27,0.272244
27,28,0.298811
27,29,0.317474
27,30,0.319376
27,31,0.300044
27,32,0.260365
27,33,0.207269
27,34,0.151232
27,35,0.100866
27,36,0.0613968
27,37,0.0343224
27,38,0.0176907
27,39,0.00828958
27,40,0.00342957
27,41,0.00121715
27,42,0.000363493
27,43,9.04527e-05
27,44,1.86803e-05
27,45,3.19721e-06
27,46,4.53045e-07
27,47,5.30365e-08
27,48,5.10754e-09
27,49,4.23268e-10
28,0,0
28,1,1.89201e-10
28,2,2.72668e-09
28,3,3.11988e-08
28,4,2.88365e-07
28,5,2.17333e-06
28,6,1.34291e-05
28,7,6.82341e-05
28,8,0.000285747
28,9,0.00099026
28,10,0.00286702
28,11,0.00706855
28,12,0.0152889
28,13,0.0299467
28,14,0.0540578
28,15,0.0898392
28,16,0.136704
28,17,0.190442
28,18,0.243467
28,19,0.28677
28,20,0.313494
28,21,0.321421
28,22,0.31416
28,23,0.298811
28,24,0.284006
28,25,0.277509
28,26,0.284006
28,27,0.298811
28,28,0.314159
28,29,0.321421
28,30,0.313495
28,31,0.28677
28,32,0.243467
28,33,0.190442
28,34,0.136704
28,35,0.0898392
28,36,0.0540578
28,37,0.0299467
28,38,0.0152889
28,39,0.00706855
28,40,0.00286702
28,41,0.00099026
28,42,0.000285747
28,43,6.82341e-05
28,44,1.34291e-05
28,45,2.17333e-06
28,46,2.88365e-07
28,47,3.11988e-08
28,48,2.72652e-09
28,49,1.90741e-10
29,0,0
29,1,6.14797e-11
29,2,1.06196e-09
29,3,1.40858e-08
29,4,1.47026e-07
29,5,1.22611e-06
29,6,8.24969e-06
29,7,4.50665e-05
29,8,0.000200783
29,9,0.000733166
29,10,0.00221391
29,11,0.00562775
29,12,0.0124112
29,13,0.0246302
29,14,0.0450625
29,15,0.0760722
29,16,0.117698
29,17,0.167233
29,18,0.219082
29,19,0.26503
29,20,0.298586
29,21,0.316976
29,22,0.321421
29,23,0.317475
29,24,0.311139
29,25,0.308359
29,26,0.311139
29,27,0.317474
29,28,0.321421
29,29,0.316976
29,30,0.298586
29,31,0.26503
29,32,0.219082
29,33,0.167233
29,34,0.117698
29,35,0.0760722
29,36,0.0450625
29,37,0.0246302
29,38,0.0124112
29,39,0.00562775
29,40,0.00221391
29,41,0.000733166
29,42,0.000200783
29,43,4.50665e-05
29,44,8.24969e-06
29,45,1.22611e-06
29,46,1.47026e-07
29,47,1.40858e-08
29,48,1.06177e-09
29,49,5.84018e-11
30,0,0
30,1,1.30547e-11
30,2,2.87698e-10
30,3,4.65985e-09
30,4,5.75036e-08
30,5,5.52795e-07
30,6,4.19952e-06
30,7,2.5449e-05
30,8,0.000123841
30,9,0.000486977
30,10,0.0015618
30,11,0.00415505
30,12,0.00944202
30,13,0.0190629
30,14,0.0353516
30,15,0.0607849
30,16,0.0961876
30,17,0.13975
30,18,0.187583
30,19,0.233767
30,20,0.271938
30,21,0.298586
30,22,0.313494
30,23,0.319376
30,24,0.320467
30,25,0.320316
30,26,0.320467
30,27,0.319376
30,28,0.313494
30,29,0.298586
30,30,0.271938
30,31,0.233767
30,32,0.187583
30,33,0.13975
30,34,0.0961876
30,35,0.0607849
30,36,0.0353516
30,37,0.0190629
30,38,0.00944202
30,39,0.00415505
30,40,0.0015618
30,41,0.000486977
30,42,0.000123841
30,43,2.5449e-05
30,44,4.19952e-06
30,45,5.52795e-07
30,46,5.75036e-08
30,47,4.65985e-09
30,48,2.87646e-10
30,49,1.16493e-11
31,0,0
31,1,1.70726e-12
31,2,5.17903e-11
31,3,1.08215e-09
31,4,1.6518e-08
31,5,1.90605e-07
31,6,1.69805e-06
31,7,1.18328e-05
31,8,6.50389e-05
31,9,0.000283805
31,10,0.000991222
31,11,0.00281338
31,12,0.00667737
31,13,0.0138345
31,14,0.026098
31,15,0.0456542
31,16,0.0738287
31,17,0.110111
31,18,0.151926
31,19,0.194734
31,20,0.233767
31,21,0.26503
31,22,0.28677
31,23,0.300044
31,24,0.30644
31,25,0.308459
31,26,0.30644
31,27,0.300044
31,28,0.28677
31,29,0.26503
31,30,0.233767
31,31,0.194734
31,32,0.151926
31,33,0.110111
31,34,0.0738287
31,35,0.0456542
31,36,0.026098
31,37,0.0138345
31,38,0.00667737
31,39,0.00281338
31,40,0.000991222
31,41,0.000283805
31,42,6.50389e-05
31,43,1.18328e-05
31,44,1.69805e-06
31,45,1.90605e-07
31,46,1.6518e-08
31,47,1.08215e-09
31,48,5.17842e-11
31,49,1.43297e-12
32,0,0
32,1,1.23792e-13
32,2,5.8428e-12
32,3,1.69072e-10
32,4,3.35418e-09
32,5,4.83349e-08
32,6,5.23043e-07
32,7,4.33539e-06
32,8,2.78508e-05
32,9,0.000139659
32,10,0.000549966
32,11,0.00171813
32,12,0.00435534
32,13,0.00935261
32,14,0.0179954
32,15,0.0321465
32,16,0.0532163
32,17,0.0811767
32,18,0.115049
32,19,0.151926
32,20,0.187583
32,21,0.219082
32,22,0.243467
32,23,0.260365
32,24,0.269974
32,25,0.273039
32,26,0.269974
32,27,0.260365
32,28,0.243467
32,29,0.219082
32,30,0.187583
32,31,0.151926
32,32,0.115049
32,33,0.0811767
32,34,0.0532163
32,35,0.0321465
32,36,0.0179954
32,37,0.00935261
32,38,0.00435534
32,39,0.00171813
32,40,0.000549966
32,41,0.000139659
32,42,2.78508e-05
32,43,4.33539e-06
32,44,5.23043e-07
32,45,4.83349e-08
32,46,3.35418e-09
32,47,1.69072e-10
32,48,5.84254e-12
32,49,9.80394e-14
33,0,0
33,1,3.78897e-15
33,2,3.71377e-13
33,3,1.67728e-11
33,4,4.62709e-10
33,5,8.71399e-09
33,6,1.18611e-07
33,7,1.20531e-06
33,8,9.31761e-06
33,9,5.53792e-05
33,10,0.000254603
33,11,0.000910692
33,12,0.0025665
33,13,0.00587779
33,14,0.0115928
33,15,0.0209996
33,16,0.0356941
33,17,0.0560078
33,18,0.0811767
33,19,0.110111
33,20,0.13975
33,21,0.167233
33,22,0.190442
33,23,0.207269
33,24,0.217725
33,25,0.220972
33,26,0.217725
33,27,0.207269
33,28,0.190442
33,29,0.167233
33,30,0.13975
33,31,0.110111
33,32,0.0811767
33,33,0.0560078
33,34,0.0356941
33,35,0.0209996
33,36,0.0115928
33,37,0.00587779
33,38,0.0025665
33,39,0.000910692
33,40,0.000254603
33,41,5.53792e-05
33,42,9.31761e-06
33,43,1.20531e-06
33,44,1.18611e-07
33,45,8.71399e-09
33,46,4.62708e-10
33,47,1.67728e-11
33,48,3.71377e-13
33,49,2.84173e-15
34,0,0
34,1,0
34,2,1.01039e-14
34,3,9.49075e-13
34,4,4.09535e-11
34,5,1.07573e-09
34,6,1.92144e-08
34,7,2.46946e-07
34,8,2.35724e-06
34,9,1.70158e-05
34,10,9.37992e-05
34,11,0.000397046
34,12,0.00129867
34,13,0.0033351
34,14,0.00699779
34,15,0.0128654
34,16,0.0220979
34,17,0.0356941
34,18,0.0532163
34,19,0.0738287
34,20,0.0961876
34,21,0.117698
34,22,0.136704
34,23,0.151232
34,24,0.160349
34,25,0.163445
34,26,0.160349
34,27,0.151232
34,28,0.136704
34,29,0.117698
34,30,0.0961876
34,31,0.0738287
34,32,0.0532163
34,33,0.0356941
34,34,0.0220979
34,35,0.0128654
34,36,0.00699779
34,37,0.0033351
34,38,0.00129867
34,39,0.000397046
34,40,9.37992e-05
34,41,1.70158e-05
34,42,2.35724e-06
34,43,2.46946e-07
34,44,1.92144e-08
34,45,1.07573e-09
34,46,4.09535e-11
34,47,9.49075e-13
34,48,1.01039e-14
34,49,0
35,0,0
35,1,0
35,2,0
35,3,2.3239e-14
35,4,2.08797e-12
35,5,8.59279e-11
35,6,2.14558e-09
35,7,3.62967e-08
35,8,4.39992e-07
35,9,3.94305e-06
35,10,2.65851e-05
35,11,0.000136132
35,12,0.000532462
35,13,0.00160345
35,14,0.00379524
35,15,0.00740948
35,16,0.0128654
35,17,0.0209996
35,18,0.0321465
35,19,0.0456542
35,20,0.0607849
35,21,0.0760722
35,22,0.0898391
35,23,0.100866
35,24,0.107806
35,25,0.110285
35,26,0.107806
35,27,0.100866
35,28,0.0898392
35,29,0.0760722
35,30,0.0607849
35,31,0.0456542
35,32,0.0321465
35,33,0.0209996
35,34,0.0128654
35,35,0.00740948
35,36,0.00379524
35,37,0.00160345
35,38,0.000532462
35,39,0.000136132
35,40,2.65851e-05
35,41,3.94305e-06
35,42,4.39992e-07
35,43,3.62967e-08
35,44,2.14558e-09
35,45,8.59279e-11
35,46,2.08797e-12
35,47,2.3239e-14
35,48,0
35,49,0
36,0,0
36,1,0
36,2,0
36,3,0
36,4,4.64781e-14
36,5,3.98612e-12
36,6,1.56131e-10
36,7,3.69851e-09
36,8,5.91464e-08
36,9,6.75124e-07
36,10,5.67296e-06
36,11,3.57056e-05
36,12,0.000169964
36,13,0.000616111
36,14,0.00171958
36,15,0.00379524
36,16,0.00699779
36,17,0.0115928
36,18,0.0179954
36,19,0.026098
36,20,0.0353516
36,21,0.0450625
36,22,0.0540578
36,23,0.0613968
36,24,0.0661566
36,25,0.0678128
36,26,0.0661566
36,27,0.0613968
36,28,0.0540578
36,29,0.0450625
36,30,0.0353516
36,31,0.026098
36,32,0.0179954
36,33,0.0115928
36,34,0.00699779
36,35,0.00379524
36,36,0.00171958
36,37,0.000616111
36,38,0.000169964
36,39,3.57056e-05
36,40,5.67296e-06
36,41,6.75124e-07
36,42,5.91464e-08
36,43,3.69851e-09
36,44,1.56131e-10
36,45,3.98612e-12
36,46,4.64781e-14
36,47,0
36,48,0
36,49,0
37,0,0
37,1,0
37,2,0
37,3,0
37,4,0
37,5,8.13366e-14
37,6,6.64353e-12
37,7,2.47091e-10
37,8,5.53984e-09
37,9,8.35533e-08
37,10,8.96055e-07
37,11,7.04642e-06
37,12,4.1349e-05
37,13,0.000182971
37,14,0.000616111
37,15,0.00160345
37,16,0.0033351
37,17,0.00587779
37,18,0.00935261
37,19,0.0138345
37,20,0.0190629
37,21,0.0246302
37,22,0.0299467
37,23,0.0343224
37,24,0.037231
37,25,0.0382276
37,26,0.037231
37,27,0.0343224
37,28,0.0299467
37,29,0.0246302
37,30,0.0190629
37,31,0.0138345
37,32,0.00935261
37,33,0.00587779
37,34,0.0033351
37,35,0.00160345
37,36,0.000616111
37,37,0.000182971
37,38,4.1349e-05
37,39,7.04642e-06
37,40,8.96055e-07
37,41,8.35533e-08
37,42,5.53984e-09
37,43,2.47091e-10
37,44,6.64353e-12
37,45,8.13366e-14
37,46,0
37,47,0
37,48,0
37,49,0
38,0,0
38,1,0
38,2,0
38,3,0
38,4,0
38,5,0
38,6,1.25133e-13
38,7,9.70977e-12
38,8,3.42016e-10
38,9,7.23779e-09
38,10,1.02666e-07
38,11,1.03161e-06
38,12,7.57272e-06
38,13,4.1349e-05
38,14,0.000169964
38,15,0.000532462
38,16,0.00129867
38,17,0.0025665
38,18,0.00435534
38,19,0.00667737
38,20,0.00944202
38,21,0.0124112
38,22,0.0152889
38,23,0.0176907
38,24,0.019294
38,25,0.0198542
38,26,0.019294
38,27,0.0176907
38,28,0.0152889
38,29,0.0124112
38,30,0.00944202
38,31,0.00667737
38,32,0.00435534
38,33,0.0025665
38,34,0.00129867
38,35,0.000532462
38,36,0.000169964
38,37,4.1349e-05
38,38,7.57272e-06
38,39,1.03161e-06
38,40,1.02666e-07
38,41,7.23779e-09
38,42,3.42016e-10
38,43,9.70977e-12
38,44,1.25133e-13
38,45,0
38,46,0
38,47,0
38,48,0
38,49,0
39,0,0
39,1,0
39,2,0
39,3,0
39,4,0
39,5,0
39,6,0
39,7,1.69824e-13
39,8,1.2484e-11
39,9,4.15227e-10
39,10,8.26807e-09
39,11,1.0994e-07
39,12,1.03161e-06
39,13,7.04642e-06
39,14,3.57056e-05
39,15,0.000136132
39,16,0.000397046
39,17,0.000910692
39,18,0.00171813
39,19,0.00281338
39,20,0.00415505
39,21,0.00562775
39,22,0.00706855
39,23,0.00828958
39,24,0.00910586
39,25,0.00939558
39,26,0.00910586
39,27,0.00828958
39,28,0.00706855
39,29,0.00562774
39,30,0.00415505
39,31,0.00281338
39,32,0.00171813
39,33,0.000910692
39,34,0.000397046
39,35,0.000136132
39,36,3.57056e-05
39,37,7.04642e-06
39,38,1.03161e-06
39,39,1.0994e-07
39,40,8.26807e-09
39,41,4.15227e-10
39,42,1.2484e-11
39,43,1.69824e-13
39,44,0
39,45,0
39,46,0
39,47,0
39,48,0
39,49,0
40,0,0
40,1,0
40,2,0
40,3,0
40,4,0
40,5,0
40,6,0
40,7,0
40,8,2.03788e-13
40,9,1.41485e-11
40,10,4.42882e-10
40,11,8.26807e-09
40,12,1.02666e-07
40,13,8.96055e-07
40,14,5.67296e-06
40,15,2.65851e-05
40,16,9.37992e-05
40,17,0.000254603
40,18,0.000549966
40,19,0.000991222
40,20,0.0015618
40,21,0.00221391
40,22,0.00286702
40,23,0.00342957
40,24,0.00381001
40,25,0.00394506
40,26,0.00381001
40,27,0.00342957
40,28,0.00286702
40,29,0.00221391
40,30,0.0015618
40,31,0.000991222
40,32,0.000549966
40,33,0.000254603
40,34,9.37992e-05
40,35,2.65851e-05
40,36,5.67296e-06
40,37,8.96055e-07
40,38,1.02666e-07
40,39,8.26807e-09
40,40,4.42882e-10
40,41,1.41485e-11
40,42,2.03788e-13
40,43,0
40,44,0
40,45,0
40,46,0
40,47,0
40,48,0
40,49,0
41,0,0
41,1,0
41,2,0
41,3,0
41,4,0
41,5,0
41,6,0
41,7,0
41,8,0
41,9,2.16525e-13
41,10,1.41485e-11
41,11,4.15227e-10
41,12,7.23779e-09
41,13,8.35533e-08
41,14,6.75124e-07
41,15,3.94305e-06
41,16,1.70158e-05
41,17,5.53792e-05
41,18,0.000139659
41,19,0.000283805
41,20,0.000486977
41,21,0.000733166
41,22,0.00099026
41,23,0.00121715
41,24,0.00137352
41,25,0.00142914
41,26,0.00137352
41,27,0.00121715
41,28,0.00099026
41,29,0.000733166
41,30,0.000486977
41,31,0.000283805
41,32,0.000139659
41,33,5.53792e-05
41,34,1.70158e-05
41,35,3.94305e-06
41,36,6.75124e-07
41,37,8.35533e-08
41,38,7.23779e-09
41,39,4.15227e-10
41,40,1.41485e-11
41,41,2.16525e-13
41,42,0
41,43,0
41,44,0
41,45,0
41,46,0
41,47,0
41,48,0
41,49,0
42,0,0
42,1,0
42,2,0
42,3,0
42,4,0
42,5,0
42,6,0
42,7,0
42,8,0
42,9,0
42,10,2.03788e-13
42,11,1.2484e-11
42,12,3.42016e-10
42,13,5.53984e-09
42,14,5.91464e-08
42,15,4.39992e-07
42,16,2.35724e-06
42,17,9.31761e-06
42,18,2.78508e-05
42,19,6.50389e-05
42,20,0.000123841
42,21,0.000200783
42,22,0.000285747
42,23,0.000363493
42,24,0.0004183
42,25,0.000438021
42,26,0.0004183
42,27,0.000363493
42,28,0.000285747
42,29,0.000200783
42,30,0.000123841
42,31,6.50389e-05
42,32,2.78508e-05
42,33,9.31761e-06
42,34,2.35724e-06
42,35,4.39992e-07
42,36,5.91464e-08
42,37,5.53984e-09
42,38,3.42016e-10
42,39,1.2484e-11
42,40,2.03788e-13
42,41,0
42,42,0
42,43,0
42,44,0
42,45,0
42,46,0
42,47,0
42,48,0
42,49,0
43,0,0
43,1,0
43,2,0
43,3,0
43,4,0
43,5,0
43,6,0
43,7,0
43,8,0
43,9,0
43,10,0
43,11,1.69824e-13
43,12,9.70977e-12
43,13,2.47091e-10
43,14,3.69851e-09
43,15,3.62967e-08
43,16,2.46946e-07
43,17,1.20531e-06
43,18,4.33539e-06
43,19,1.18328e-05
43,20,2.5449e-05
43,21,4.50665e-05
43,22,6.82341e-05
43,23,9.04527e-05
43,24,0.000106547
43,25,0.000112435
43,26,0.000106547
43,27,9.04527e-05
43,28,6.82341e-05
43,29,4.50665e-05
43,30,2.5449e-05
43,31,1.18328e-05
43,32,4.33539e-06
43,33,1.20531e-06
43,34,2.46946e-07
43,35,3.62967e-08
43,36,3.69851e-09
43,37,2.47091e-10
43,38,9.70978e-12
43,39,1.69824e-13
43,40,0
43,41,0
43,42,0
43,43,0
43,44,0
43,45,0
43,46,0
43,47,0
43,48,0
43,49,0
44,0,0
44,1,0
44,2,0
44,3,0
44,4,0
44,5,0
44,6,0
44,7,0
44,8,0
44,9,0
44,10,0
44,11,0
44,12,1.25133e-13
44,13,6.64353e-12
44,14,1.56131e-10
44,15,2.14558e-09
44,16,1.92144e-08
44,17,1.18611e-07
44,18,5.23043e-07
44,19,1.69805e-06
44,20,4.19952e-06
44,21,8.24969e-06
44,22,1.34291e-05
44,23,1.86803e-05
44,24,2.26139e-05
44,25,2.40777e-05
44,26,2.26139e-05
44,27,1.86803e-05
44,28,1.34291e-05
44,29,8.24969e-06
44,30,4.19952e-06
44,31,1.69805e-06
44,32,5.23043e-07
44,33,1.18611e-07
44,34,1.92144e-08
44,35,2.14558e-09
44,36,1.56131e-10
44,37,6.64353e-12
44,38,1.25133e-13
44,39,0
44,40,0
44,41,0
44,42,0
44,43,0
44,44,0
44,45,0
44,46,0
44,47,0
44,48,0
44,49,0
45,0,0
45,1,0
45,2,0
45,3,0
45,4,0
45,5,0
45,6,0
45,7,0
45,8,0
45,9,0
45,10,0
45,11,0
45,12,0
45,13,8.13366e-14
45,14,3.98612e-12
45,15,8.59279e-11
45,16,1.07573e-09
45,17,8.71399e-09
45,18,4.83349e-08
45,19,1.90605e-07
45,20,5.52795e-07
45,21,1.22611e-06
45,22,2.17333e-06
45,23,3.19721e-06
45,24,3.99606e-06
45,25,4.29852e-06
45,26,3.99606e-06
45,27,3.19721e-06
45,28,2.17333e-06
45,29,1.22611e-06
45,30,5.52795e-07
45,31,1.90605e-07
45,32,4.83349e-08
45,33,8.71399e-09
45,34,1.07573e-09
45,35,8.59279e-11
45,36,3.98612e-12
45,37,8.13366e-14
45,38,0
45,39,0
45,40,0
45,41,0
45,42,0
45,43,0
45,44,0
45,45,0
45,46,0
45,47,0
45,48,0
45,49,0
46,0,0
46,1,0
46,2,0
46,3,0
46,4,0
46,5,0
46,6,0
46,7,0
46,8,0
46,9,0
46,10,0
46,11,0
46,12,0
46,13,0
46,14,4.64781e-14
46,15,2.08797e-12
46,16,4.09535e-11
46,17,4.62709e-10
46,18,3.35418e-09
46,19,1.6518e-08
46,20,5.75036e-08
46,21,1.47026e-07
46,22,2.88365e-07
46,23,4.53045e-07
46,24,5.87811e-07
46,25,6.39908e-07
46,26,5.87811e-07
46,27,4.53045e-07
46,28,2.88365e-07
46,29,1.47026e-07
46,30,5.75036e-08
46,31,1.6518e-08
46,32,3.35418e-09
46,33,4.62708e-10
46,34,4.09535e-11
46,35,2.08797e-12
46,36,4.64781e-14
46,37,0
46,38,0
46,39,0
46,40,0
46,41,0
46,42,0
46,43,0
46,44,0
46,45,0
46,46,0
46,47,0
46,48,0
46,49,0
47,0,0
47,1,0
47,2,0
47,3,0
47,4,0
47,5,0
47,6,0
47,7,0
47,8,0
47,9,0
47,10,0
47,11,0
47,12,0
47,13,0
47,14,0
47,15,2.3239e-14
47,16,9.49076e-13
47,17,1.67728e-11
47,18,1.69072e-10
47,19,1.08215e-09
47,20,4.65985e-09
47,21,1.40858e-08
47,22,3.11988e-08
47,23,5.30365e-08
47,24,7.19206e-08
47,25,7.94233e-08
47,26,7.19206e-08
47,27,5.30365e-08
47,28,3.11988e-08
47,29,1.40858e-08
47,30,4.65985e-09
47,31,1.08215e-09
47,32,1.69072e-10
47,33,1.67728e-11
47,34,9.49076e-13
47,35,2.3239e-14
47,36,0
47,37,0
47,38,0
47,39,0
47,40,0
47,41,0
47,42,0
47,43,0
47,44,0
47,45,0
47,46,0
47,47,0
47,48,0
47,49,0
48,0,0
48,1,0
48,2,0
48,3,0
48,4,0
48,5,0
48,6,0
48,7,0
48,8,0
48,9,0
48,10,0
48,11,0
48,12,0
48,13,0
48,14,0
48,15,0
48,16,1.01039e-14
48,17,3.71377e-13
48,18,5.84253e-12
48,19,5.17842e-11
48,20,2.87646e-10
48,21,1.06177e-09
48,22,2.72652e-09
48,23,5.10754e-09
48,24,7.30669e-09
48,25,8.2111e-09
48,26,7.30669e-09
48,27,5.10754e-09
48,28,2.72652e-09
48,29,1.06177e-09
48,30,2.87646e-10
48,31,5.17842e-11
48,32,5.84253e-12
48,33,3.71377e-13
48,34,1.01039e-14
48,35,0
48,36,0
48,37,0
48,38,0
48,39,0
48,40,0
48,41,0
48,42,0
48,43,0
48,44,0
48,45,0
48,46,0
48,47,0
48,48,0
48,49,0
49,0,0
49,1,0
49,2,0
49,3,0
49,4,0
49,5,0
49,6,0
49,7,0
49,8,0
49,9,0
49,10,0
49,11,0
49,12,0
49,13,0
49,14,0
49,15,0
49,16,0
49,17,2.84173e-15
49,18,9.80394e-14
49,19,1.43297e-12
49,20,1.16493e-11
49,21,5.84018e-11
49,22,1.90741e-10
49,23,4.23268e-10
49,24,6.66288e-10
49,25,7.72023e-10
49,26,6.66288e-10
49,27,4.23268e-10
49,28,1.90741e-10
49,29,5.84018e-11
49,30,1.16493e-11
49,31,1.43297e-12
49,32,9.80394e-14
49,33,2.84173e-15
49,34,0
49,35,0
49,36,0
49,37,0
49,38,0
49,39,0
49,40,0
49,41,0
49,42,0
49,43,0
49,44,0
49,45,0
49,46,0
49,47,0
49,48,0
49,49,0
