0,0,0
0,1,0
0,2,0
0,3,0
0,4,0
0,5,0
0,6,0
0,7,0
0,8,0
0,9,0
0,10,0
0,11,0
0,12,0
0,13,0
0,14,0
0,15,0
0,16,0
0,17,0
0,18,0
0,19,0
0,20,0
0,21,0
0,22,0
0,23,0
0,24,0
0,25,0
0,26,0
0,27,0
0,28,0
0,29,0
0,30,0
0,31,0
0,32,0
0,33,0
0,34,0
0,35,0
0,36,0
0,37,0
0,38,0
0,39,0
0,40,0
0,41,0
0,42,0
0,43,0
0,44,0
0,45,0
0,46,0
0,47,0
0,48,0
0,49,0
1,0,0
1,1,0
1,2,0
1,3,0
1,4,0
1,5,0
1,6,0
1,7,0
1,8,0
1,9,0
1,10,0
1,11,0
1,12,0
1,13,0
1,14,2.34837e-15
1,15,1.05312e-13
1,16,2.06982e-12
1,17,2.35436e-11
1,18,1.7279e-10
1,19,8.66967e-10
1,20,3.09382e-09
1,21,8.13955e-09
1,22,1.64105e-08
1,23,2.63421e-08
1,24,3.46329e-08
1,25,3.78733e-08
1,26,3.46329e-08
1,27,2.63421e-08
1,28,1.64105e-08
1,29,8.13955e-09
1,30,3.09382e-09
1,31,8.66967e-10
1,32,1.7279e-10
1,33,2.35436e-11
1,34,2.06982e-12
1,35,1.05312e-13
1,36,2.34837e-15
1,37,0
1,38,0
1,39,0
1,40,0
1,41,0
1,42,0
1,43,0
1,44,0
1,45,0
1,46,0
1,47,0
1,48,0
1,49,0
2,0,0
2,1,0
2,2,0
2,3,0
2,4,0
2,5,0
2,6,0
2,7,0
2,8,0
2,9,0
2,10,0
2,11,0
2,12,0
2,13,4.69675e-15
2,14,2.29771e-13
2,15,4.96391e-12
2,16,6.25832e-11
2,17,5.13596e-10
2,18,2.9063e-09
2,19,1.17785e-08
2,20,3.53222e-08
2,21,8.11802e-08
2,22,1.48527e-07
2,23,2.23712e-07
2,24,2.83675e-07
2,25,3.06622e-07
2,26,2.83675e-07
2,27,2.23712e-07
2,28,1.48527e-07
2,29,8.11802e-08
2,30,3.53222e-08
2,31,1.17785e-08
2,32,2.9063e-09
2,33,5.13596e-10
2,34,6.25832e-11
2,35,4.96391e-12
2,36,2.29771e-13
2,37,4.69675e-15
2,38,0
2,39,0
2,40,0
2,41,0
2,42,0
2,43,0
2,44,0
2,45,0
2,46,0
2,47,0
2,48,0
2,49,0
3,0,0
3,1,0
3,2,0
3,3,0
3,4,0
3,5,0
3,6,0
3,7,0
3,8,0
3,9,0
3,10,0
3,11,0
3,12,8.30963e-15
3,13,4.40394e-13
3,14,1.03716e-11
3,15,1.43518e-10
3,16,1.30191e-09
3,17,8.19925e-09
3,18,3.71864e-08
3,19,1.25132e-07
3,20,3.22363e-07
3,21,6.59145e-07
3,22,1.10937e-06
3,23,1.58095e-06
3,24,1.94214e-06
3,25,2.07786e-06
3,26,1.94214e-06
3,27,1.58095e-06
3,28,1.10937e-06
3,29,6.59145e-07
3,30,3.22363e-07
3,31,1.25132e-07
3,32,3.71864e-08
3,33,8.19925e-09
3,34,1.30191e-09
3,35,1.43518e-10
3,36,1.03716e-11
3,37,4.40394e-13
3,38,8.30963e-15
3,39,0
3,40,0
3,41,0
3,42,0
3,43,0
3,44,0
3,45,0
3,46,0
3,47,0
3,48,0
3,49,0
4,0,0
4,1,0
4,2,0
4,3,0
4,4,0
4,5,0
4,6,0
4,7,0
4,8,0
4,9,0
4,10,0
4,11,1.3058e-14
4,12,7.45283e-13
4,13,1.90041e-11
4,14,2.86385e-10
4,15,2.84634e-09
4,16,1.97544e-08
4,17,9.91959e-08
4,18,3.70408e-07
4,19,1.05743e-06
4,20,2.38498e-06
4,21,4.40972e-06
4,22,6.90845e-06
4,23,9.38419e-06
4,24,1.12157e-05
4,25,1.18925e-05
4,26,1.12157e-05
4,27,9.38419e-06
4,28,6.90845e-06
4,29,4.40971e-06
4,30,2.38498e-06
4,31,1.05743e-06
4,32,3.70408e-07
4,33,9.91959e-08
4,34,1.97544e-08
4,35,2.84634e-09
4,36,2.86385e-10
4,37,1.90041e-11
4,38,7.45283e-13
4,39,1.3058e-14
4,40,0
4,41,0
4,42,0
4,43,0
4,44,0
4,45,0
4,46,0
4,47,0
4,48,0
4,49,0
5,0,0
5,1,0
5,2,0
5,3,0
5,4,0
5,5,0
5,6,0
5,7,0
5,8,0
5,9,0
5,10,1.82812e-14
5,11,1.11792e-12
5,12,3.06861e-11
5,13,5.0031e-10
5,14,5.40802e-09
5,15,4.10263e-08
5,16,2.26118e-07
5,17,9.28666e-07
5,18,2.91188e-06
5,19,7.17613e-06
5,20,1.4402e-05
5,21,2.44074e-05
5,22,3.59307e-05
5,23,4.6807e-05
5,24,5.46172e-05
5,25,5.74585e-05
5,26,5.46172e-05
5,27,4.6807e-05
5,28,3.59307e-05
5,29,2.44074e-05
5,30,1.4402e-05
5,31,7.17613e-06
5,32,2.91188e-06
5,33,9.28666e-07
5,34,2.26118e-07
5,35,4.10263e-08
5,36,5.40802e-09
5,37,5.0031e-10
5,38,3.06861e-11
5,39,1.11792e-12
5,40,1.82812e-14
5,41,0
5,42,0
5,43,0
5,44,0
5,45,0
5,46,0
5,47,0
5,48,0
5,49,0
6,0,0
6,1,0
6,2,0
6,3,0
6,4,0
6,5,0
6,6,0
6,7,0
6,8,0
6,9,2.28515e-14
6,10,1.49057e-12
6,11,4.38243e-11
6,12,7.68734e-10
6,13,8.98123e-09
6,14,7.397e-08
6,15,4.44265e-07
6,16,1.99229e-06
6,17,6.8136e-06
6,18,1.82203e-05
6,19,3.93578e-05
6,20,7.13099e-05
6,21,0.000112053
6,22,0.000156239
6,23,0.000196249
6,24,0.000224246
6,25,0.000234295
6,26,0.000224245
6,27,0.000196249
6,28,0.000156239
6,29,0.000112053
6,30,7.131e-05
6,31,3.93578e-05
6,32,1.82203e-05
6,33,6.8136e-06
6,34,1.99229e-06
6,35,4.44265e-07
6,36,7.397e-08
6,37,8.98123e-09
6,38,7.68734e-10
6,39,4.38243e-11
6,40,1.49057e-12
6,41,2.28515e-14
6,42,0
6,43,0
6,44,0
6,45,0
6,46,0
6,47,0
6,48,0
6,49,0
7,0,0
7,1,0
7,2,0
7,3,0
7,4,0
7,5,0
7,6,0
7,7,0
7,8,2.55399e-14
7,9,1.77005e-12
7,10,5.55001e-11
7,11,1.04238e-09
7,12,1.3093e-08
7,13,1.16402e-07
7,14,7.57263e-07
7,15,3.68583e-06
7,16,1.36725e-05
7,17,3.94702e-05
7,18,9.1246e-05
7,19,0.000175293
7,20,0.000290645
7,21,0.000427822
7,22,0.000569172
7,23,0.000692866
7,24,0.000777488
7,25,0.000807585
7,26,0.000777488
7,27,0.000692866
7,28,0.000569172
7,29,0.000427822
7,30,0.000290645
7,31,0.000175293
7,32,9.1246e-05
7,33,3.94702e-05
7,34,1.36725e-05
7,35,3.68583e-06
7,36,7.57263e-07
7,37,1.16402e-07
7,38,1.3093e-08
7,39,1.04238e-09
7,40,5.55001e-11
7,41,1.77005e-12
7,42,2.55399e-14
7,43,0
7,44,0
7,45,0
7,46,0
7,47,0
7,48,0
7,49,0
8,0,0
8,1,0
8,2,0
8,3,0
8,4,0
8,5,0
8,6,0
8,7,2.55399e-14
8,8,1.87417e-12
8,9,6.24317e-11
8,10,1.25022e-09
8,11,1.68064e-08
8,12,1.60498e-07
8,13,1.12524e-06
8,14,5.91485e-06
8,15,2.36917e-05
8,16,7.35611e-05
8,17,0.000181354
8,18,0.00036748
8,19,0.000637554
8,20,0.000980413
8,21,0.00136543
8,22,0.0017465
8,23,0.00207109
8,24,0.0022892
8,25,0.00236631
8,26,0.0022892
8,27,0.00207109
8,28,0.0017465
8,29,0.00136543
8,30,0.000980413
8,31,0.000637554
8,32,0.00036748
8,33,0.000181354
8,34,7.35611e-05
8,35,2.36917e-05
8,36,5.91485e-06
8,37,1.12524e-06
8,38,1.60498e-07
8,39,1.68064e-08
8,40,1.25022e-09
8,41,6.24317e-11
8,42,1.87417e-12
8,43,2.55399e-14
8,44,0
8,45,0
8,46,0
8,47,0
8,48,0
8,49,0
9,0,0
9,1,0
9,2,0
9,3,0
9,4,0
9,5,0
9,6,2.28515e-14
9,7,1.77005e-12
9,8,6.24317e-11
9,9,1.32814e-09
9,10,1.9032e-08
9,11,1.94415e-07
9,12,1.46258e-06
9,13,8.2684e-06
9,14,3.56326e-05
9,15,0.000118684
9,16,0.000311479
9,17,0.000664047
9,18,0.00119916
9,19,0.00191194
9,20,0.00276541
9,21,0.0036837
9,22,0.00456796
9,23,0.0053058
9,24,0.00579609
9,25,0.00596811
9,26,0.00579609
9,27,0.0053058
9,28,0.00456796
9,29,0.0036837
9,30,0.00276541
9,31,0.00191194
9,32,0.00119916
9,33,0.000664047
9,34,0.000311479
9,35,0.000118684
9,36,3.56326e-05
9,37,8.2684e-06
9,38,1.46258e-06
9,39,1.94415e-07
9,40,1.9032e-08
9,41,1.32814e-09
9,42,6.24317e-11
9,43,1.77005e-12
9,44,2.28515e-14
9,45,0
9,46,0
9,47,0
9,48,0
9,49,0
10,0,0
10,1,0
10,2,0
10,3,0
10,4,0
10,5,1.82812e-14
10,6,1.49057e-12
10,7,5.55001e-11
10,8,1.25022e-09
10,9,1.9032e-08
10,10,2.07209e-07
10,11,1.66657e-06
10,12,1.00977e-05
10,13,4.66853e-05
10,14,0.00016652
10,15,0.000465046
10,16,0.00104309
10,17,0.00195672
10,18,0.0032198
10,19,0.00481422
10,20,0.00665004
10,21,0.00857561
10,22,0.0103977
10,23,0.0118961
10,24,0.012886
10,25,0.0132296
10,26,0.012886
10,27,0.0118961
10,28,0.0103977
10,29,0.00857561
10,30,0.00665004
10,31,0.00481422
10,32,0.0032198
10,33,0.00195672
10,34,0.00104309
10,35,0.000465046
10,36,0.00016652
10,37,4.66853e-05
10,38,1.00977e-05
10,39,1.66657e-06
10,40,2.07209e-07
10,41,1.9032e-08
10,42,1.25022e-09
10,43,5.55001e-11
10,44,1.49057e-12
10,45,1.82812e-14
10,46,0
10,47,0
10,48,0
10,49,0
11,0,0
11,1,0
11,2,0
11,3,0
11,4,1.3058e-14
11,5,1.11792e-12
11,6,4.38243e-11
11,7,1.04238e-09
11,8,1.68064e-08
11,9,1.94415e-07
11,10,1.66657e-06
11,11,1.07914e-05
11,12,5.34073e-05
11,13,0.000203796
11,14,0.000606125
11,15,0.00143355
11,16,0.0027976
11,17,0.00474537
11,18,0.00732238
11,19,0.0104875
11,20,0.0140496
11,21,0.0177376
11,22,0.0211707
11,23,0.0239679
11,24,0.0257982
11,25,0.026432
11,26,0.0257982
11,27,0.0239679
11,28,0.0211707
11,29,0.0177376
11,30,0.0140496
11,31,0.0104875
11,32,0.00732238
11,33,0.00474537
11,34,0.0027976
11,35,0.00143355
11,36,0.000606125
11,37,0.000203796
11,38,5.34073e-05
11,39,1.07914e-05
11,40,1.66657e-06
11,41,1.94415e-07
11,42,1.68064e-08
11,43,1.04238e-09
11,44,4.38243e-11
11,45,1.11792e-12
11,46,1.3058e-14
11,47,0
11,48,0
11,49,0
12,0,0
12,1,0
12,2,0
12,3,8.30963e-15
12,4,7.45283e-13
12,5,3.06861e-11
12,6,7.68733e-10
12,7,1.3093e-08
12,8,1.60498e-07
12,9,1.46258e-06
12,10,1.00977e-05
12,11,5.34073e-05
12,12,0.000217949
12,13,0.000691522
12,14,0.00173166
12,15,0.00353311
12,16,0.00619483
12,17,0.00987509
12,18,0.0147041
12,19,0.020511
12,20,0.0269501
12,21,0.0334994
12,22,0.0394726
12,23,0.0442887
12,24,0.0473843
12,25,0.0484683
12,26,0.0473843
12,27,0.0442887
12,28,0.0394726
12,29,0.0334994
12,30,0.0269501
12,31,0.020511
12,32,0.0147041
12,33,0.00987509
12,34,0.00619483
12,35,0.00353311
12,36,0.00173166
12,37,0.000691522
12,38,0.000217949
12,39,5.34073e-05
12,40,1.00977e-05
12,41,1.46258e-06
12,42,1.60498e-07
12,43,1.3093e-08
12,44,7.68734e-10
12,45,3.06861e-11
12,46,7.45283e-13
12,47,8.30963e-15
12,48,0
12,49,0
13,0,0
13,1,0
13,2,4.69675e-15
13,3,4.40394e-13
13,4,1.90041e-11
13,5,5.0031e-10
13,6,8.98123e-09
13,7,1.16402e-07
13,8,1.12524e-06
13,9,8.2684e-06
13,10,4.66853e-05
13,11,0.000203796
13,12,0.000691522
13,13,0.00184365
13,14,0.00396437
13,15,0.00723567
13,16,0.0119582
13,17,0.018573
13,18,0.0270748
13,19,0.0370204
13,20,0.0478193
13,21,0.0584356
13,22,0.0679244
13,23,0.0753942
13,24,0.0801331
13,25,0.0817806
13,26,0.0801331
13,27,0.0753942
13,28,0.0679245
13,29,0.0584356
13,30,0.0478193
13,31,0.0370204
13,32,0.0270748
13,33,0.018573
13,34,0.0119582
13,35,0.00723567
13,36,0.00396437
13,37,0.00184365
13,38,0.000691522
13,39,0.000203796
13,40,4.66853e-05
13,41,8.2684e-06
13,42,1.12524e-06
13,43,1.16402e-07
13,44,8.98123e-09
13,45,5.0031e-10
13,46,1.90041e-11
13,47,4.40394e-13
13,48,4.69675e-15
13,49,0
14,0,0
14,1,2.34837e-15
14,2,2.29771e-13
14,3,1.03716e-11
14,4,2.86385e-10
14,5,5.40802e-09
14,6,7.397e-08
14,7,7.57263e-07
14,8,5.91485e-06
14,9,3.56326e-05
14,10,0.00016652
14,11,0.000606125
14,12,0.00173166
14,13,0.00396437
14,14,0.00761386
14,15,0.0131257
14,16,0.0213113
14,17,0.03255
14,18,0.0463283
14,19,0.062
14,20,0.0783465
14,21,0.0938148
14,22,0.107307
14,23,0.117541
14,24,0.124021
14,25,0.126162
14,26,0.124021
14,27,0.11754
14,28,0.107307
14,29,0.0938148
14,30,0.0783465
14,31,0.062
14,32,0.0463283
14,33,0.03255
14,34,0.0213113
14,35,0.0131257
14,36,0.00761386
14,37,0.00396437
14,38,0.00173166
14,39,0.000606125
14,40,0.00016652
14,41,3.56326e-05
14,42,5.91485e-06
14,43,7.57263e-07
14,44,7.397e-08
14,45,5.40802e-09
14,46,2.86385e-10
14,47,1.03716e-11
14,48,2.29771e-13
14,49,1.61031e-15
15,0,0
15,1,1.05312e-13
15,2,4.96391e-12
15,3,1.43518e-10
15,4,2.84634e-09
15,5,4.10263e-08
15,6,4.44265e-07
15,7,3.68583e-06
15,8,2.36917e-05
15,9,0.000118684
15,10,0.000465046
15,11,0.00143355
15,12,0.00353311
15,13,0.00723567
15,14,0.0131257
15,15,0.0223028
15,16,0.035699
15,17,0.0529714
15,18,0.0733534
15,19,0.0957204
15,20,0.117812
15,21,0.138077
15,22,0.154919
15,23,0.167319
15,24,0.174972
15,25,0.177441
15,26,0.174972
15,27,0.167319
15,28,0.154919
15,29,0.138077
15,30,0.117812
15,31,0.0957204
15,32,0.0733534
15,33,0.0529714
15,34,0.035699
15,35,0.0223028
15,36,0.0131257
15,37,0.00723567
15,38,0.00353311
15,39,0.00143355
15,40,0.000465046
15,41,0.000118684
15,42,2.36917e-05
15,43,3.68583e-06
15,44,4.44266e-07
15,45,4.10263e-08
15,46,2.84634e-09
15,47,1.43518e-10
15,48,4.96362e-12
15,49,7.59006e-14
16,0,0
16,1,2.06982e-12
16,2,6.25832e-11
16,3,1.30191e-09
16,4,1.97544e-08
16,5,2.26118e-07
16,6,1.99229e-06
16,7,1.36725e-05
16,8,7.35611e-05
16,9,0.000311479
16,10,0.00104309
16,11,0.0027976
16,12,0.00619483
16,13,0.0119582
16,14,0.0213113
16,15,0.035699
16,16,0.0553875
16,17,0.079618
16,18,0.107398
16,19,0.136097
16,20,0.163059
16,21,0.186582
16,22,0.204782
16,23,0.217807
16,24,0.225234
16,25,0.227807
16,26,0.225234
16,27,0.217807
16,28,0.204782
16,29,0.186582
16,30,0.163059
16,31,0.136097
16,32,0.107398
16,33,0.079618
16,34,0.0553875
16,35,0.035699
16,36,0.0213113
16,37,0.0119582
16,38,0.00619483
16,39,0.0027976
16,40,0.00104309
16,41,0.000311479
16,42,7.35611e-05
16,43,1.36725e-05
16,44,1.99229e-06
16,45,2.26118e-07
16,46,1.97544e-08
16,47,1.30191e-09
16,48,6.25727e-11
16,49,1.57332e-12
17,0,0
17,1,2.35436e-11
17,2,5.13596e-10
17,3,8.19925e-09
17,4,9.91959e-08
17,5,9.28666e-07
17,6,6.8136e-06
17,7,3.94702e-05
17,8,0.000181354
17,9,0.000664047
17,10,0.00195672
17,11,0.00474537
17,12,0.00987508
17,13,0.018573
17,14,0.03255
17,15,0.0529714
17,16,0.079618
17,17,0.111484
17,18,0.14597
17,19,0.179212
17,20,0.208684
17,21,0.231954
17,22,0.248595
17,23,0.259353
17,24,0.264967
17,25,0.266894
17,26,0.264967
17,27,0.259353
17,28,0.248595
17,29,0.231954
17,30,0.208684
17,31,0.179212
17,32,0.14597
17,33,0.111484
17,34,0.079618
17,35,0.0529714
17,36,0.03255
17,37,0.018573
17,38,0.00987509
17,39,0.00474537
17,40,0.00195672
17,41,0.000664047
17,42,0.000181354
17,43,3.94702e-05
17,44,6.8136e-06
17,45,9.28666e-07
17,46,9.91959e-08
17,47,8.19925e-09
17,48,5.13441e-10
17,49,1.89419e-11
18,0,0
18,1,1.7279e-10
18,2,2.9063e-09
18,3,3.71864e-08
18,4,3.70408e-07
18,5,2.91188e-06
18,6,1.82203e-05
18,7,9.1246e-05
18,8,0.00036748
18,9,0.00119916
18,10,0.0032198
18,11,0.00732238
18,12,0.0147041
18,13,0.0270748
18,14,0.0463283
18,15,0.0733534
18,16,0.107398
18,17,0.14597
18,18,0.184802
18,19,0.219716
18,20,0.247446
18,21,0.266404
18,22,0.277848
18,23,0.283296
18,24,0.285558
18,25,0.285972
18,26,0.285558
18,27,0.283296
18,28,0.277848
18,29,0.266404
18,30,0.247446
18,31,0.219716
18,32,0.184802
18,33,0.14597
18,34,0.107398
18,35,0.0733534
18,36,0.0463283
18,37,0.0270748
18,38,0.0147041
18,39,0.00732238
18,40,0.0032198
18,41,0.00119916
18,42,0.00036748
18,43,9.1246e-05
18,44,1.82203e-05
18,45,2.91188e-06
18,46,3.70408e-07
18,47,3.71863e-08
18,48,2.90507e-09
18,49,1.47629e-10
19,0,0
19,1,8.66967e-10
19,2,1.17785e-08
19,3,1.25132e-07
19,4,1.05743e-06
19,5,7.17613e-06
19,6,3.93578e-05
19,7,0.000175293
19,8,0.000637555
19,9,0.00191194
19,10,0.00481422
19,11,0.0104875
19,12,0.020511
19,13,0.0370204
19,14,0.062
19,15,0.0957204
19,16,0.136097
19,17,0.179212
19,18,0.219716
19,19,0.252297
19,20,0.274046
19,21,0.285156
19,22,0.28801
19,23,0.286338
19,24,0.283699
19,25,0.2825
19,26,0.283699
19,27,0.286338
19,28,0.288009
19,29,0.285156
19,30,0.274046
19,31,0.252297
19,32,0.219716
19,33,0.179212
19,34,0.136097
19,35,0.0957204
19,36,0.062
19,37,0.0370204
19,38,0.020511
19,39,0.0104875
19,40,0.00481422
19,41,0.00191194
19,42,0.000637554
19,43,0.000175293
19,44,3.93578e-05
19,45,7.17613e-06
19,46,1.05743e-06
19,47,1.25131e-07
19,48,1.1773e-08
19,49,7.884e-10
20,0,0
20,1,3.09382e-09
20,2,3.53222e-08
20,3,3.22363e-07
20,4,2.38498e-06
20,5,1.4402e-05
20,6,7.131e-05
20,7,0.000290645
20,8,0.000980413
20,9,0.00276541
20,10,0.00665004
20,11,0.0140496
20,12,0.0269501
20,13,0.0478193
20,14,0.0783465
20,15,0.117812
20,16,0.163059
20,17,0.208684
20,18,0.247446
20,19,0.274046
20,20,0.286877
20,21,0.287348
20,22,0.280212
20,23,0.270365
20,24,0.26253
20,25,0.259501
20,26,0.26253
20,27,0.270365
20,28,0.280212
20,29,0.287348
20,30,0.286877
20,31,0.274046
20,32,0.247446
20,33,0.208684
20,34,0.163059
20,35,0.117812
20,36,0.0783465
20,37,0.0478193
20,38,0.0269501
20,39,0.0140496
20,40,0.00665004
20,41,0.00276541
20,42,0.000980413
20,43,0.000290645
20,44,7.131e-05
20,45,1.4402e-05
20,46,2.38498e-06
20,47,3.22362e-07
20,48,3.531e-08
20,49,2.99404e-09
21,0,0
21,1,8.13955e-09
21,2,8.11802e-08
21,3,6.59145e-07
21,4,4.40972e-06
21,5,2.44074e-05
21,6,0.000112053
21,7,0.000427822
21,8,0.00136543
21,9,0.0036837
21,10,0.00857561
21,11,0.0177375
21,12,0.0334994
21,13,0.0584356
21,14,0.0938148
21,15,0.138077
21,16,0.186582
21,17,0.231954
21,18,0.266404
21,19,0.285156
21,20,0.287348
21,21,0.276825
21,22,0.259704
21,23,0.242132
21,24,0.229382
21,25,0.224534
21,26,0.229382
21,27,0.242132
21,28,0.259704
21,29,0.276825
21,30,0.287348
21,31,0.285156
21,32,0.266404
21,33,0.231954
21,34,0.186582
21,35,0.138077
21,36,0.0938148
21,37,0.0584356
21,38,0.0334994
21,39,0.0177376
21,40,0.00857561
21,41,0.0036837
21,42,0.00136543
21,43,0.000427822
21,44,0.000112053
21,45,2.44074e-05
21,46,4.40971e-06
21,47,6.59144e-07
21,48,8.11797e-08
21,49,8.34513e-09
22,0,0
22,1,1.64105e-08
22,2,1.48527e-07
22,3,1.10937e-06
22,4,6.90845e-06
22,5,3.59307e-05
22,6,0.000156239
22,7,0.000569172
22,8,0.0017465
22,9,0.00456796
22,10,0.0103977
22,11,0.0211707
22,12,0.0394726
22,13,0.0679244
22,14,0.107307
22,15,0.154919
22,16,0.204782
22,17,0.248595
22,18,0.277848
22,19,0.28801
22,20,0.280212
22,21,0.259704
22,22,0.233955
22,23,0.209723
22,24,0.192137
22,25,0.185347
22,26,0.192137
22,27,0.209722
22,28,0.233955
22,29,0.259704
22,30,0.280212
22,31,0.28801
22,32,0.277848
22,33,0.248595
22,34,0.204782
22,35,0.154919
22,36,0.107307
22,37,0.0679245
22,38,0.0394726
22,39,0.0211707
22,40,0.0103977
22,41,0.00456796
22,42,0.0017465
22,43,0.000569172
22,44,0.000156239
22,45,3.59307e-05
22,46,6.90845e-06
22,47,1.10937e-06
22,48,1.48603e-07
22,49,1.76492e-08
23,0,0
23,1,2.63421e-08
23,2,2.23712e-07
23,3,1.58095e-06
23,4,9.38419e-06
23,5,4.6807e-05
23,6,0.000196249
23,7,0.000692866
23,8,0.00207109
23,9,0.0053058
23,10,0.0118961
23,11,0.0239679
23,12,0.0442887
23,13,0.0753942
23,14,0.11754
23,15,0.167319
23,16,0.217807
23,17,0.259353
23,18,0.283296
23,19,0.286338
23,20,0.270365
23,21,0.242132
23,22,0.209722
23,23,0.179405
23,24,0.156255
23,25,0.145446
23,26,0.156255
23,27,0.179405
23,28,0.209723
23,29,0.242132
23,30,0.270365
23,31,0.286338
23,32,0.283296
23,33,0.259353
23,34,0.217807
23,35,0.167319
23,36,0.117541
23,37,0.0753942
23,38,0.0442887
23,39,0.0239679
23,40,0.0118961
23,41,0.0053058
23,42,0.00207109
23,43,0.000692866
23,44,0.000196249
23,45,4.6807e-05
23,46,9.38419e-06
23,47,1.58097e-06
23,48,2.23947e-07
23,49,2.93156e-08
24,0,0
24,1,3.46329e-08
24,2,2.83675e-07
24,3,1.94214e-06
24,4,1.12157e-05
24,5,5.46172e-05
24,6,0.000224246
24,7,0.000777489
24,8,0.0022892
24,9,0.00579609
24,10,0.012886
24,11,0.0257982
24,12,0.0473843
24,13,0.0801331
24,14,0.124021
24,15,0.174972
24,16,0.225234
24,17,0.264967
24,18,0.285558
24,19,0.283699
24,20,0.26253
24,21,0.229382
24,22,0.192137
24,23,0.156255
24,24,0.124218
24,25,0.101119
24,26,0.124218
24,27,0.156255
24,28,0.192137
24,29,0.229382
24,30,0.26253
24,31,0.283699
24,32,0.285558
24,33,0.264967
24,34,0.225234
24,35,0.174972
24,36,0.124021
24,37,0.0801331
24,38,0.0473843
24,39,0.0257982
24,40,0.012886
24,41,0.00579609
24,42,0.0022892
24,43,0.000777489
24,44,0.000224246
24,45,5.46172e-05
24,46,1.12157e-05
24,47,1.94217e-06
24,48,2.84084e-07
24,49,3.93277e-08
25,0,0
25,1,3.78733e-08
25,2,3.06622e-07
25,3,2.07786e-06
25,4,1.18925e-05
25,5,5.74585e-05
25,6,0.000234295
25,7,0.000807585
25,8,0.00236631
25,9,0.00596811
25,10,0.0132296
25,11,0.026432
25,12,0.0484683
25,13,0.0817805
25,14,0.126162
25,15,0.177441
25,16,0.227807
25,17,0.266894
25,18,0.285972
25,19,0.2825
25,20,0.259501
25,21,0.224534
25,22,0.185347
25,23,0.145445
25,24,0.101119
25,25,0.0285655
25,26,0.101119
25,27,0.145445
25,28,0.185347
25,29,0.224534
25,30,0.259501
25,31,0.2825
25,32,0.285972
25,33,0.266894
25,34,0.227807
25,35,0.177441
25,36,0.126162
25,37,0.0817806
25,38,0.0484683
25,39,0.026432
25,40,0.0132296
25,41,0.00596811
25,42,0.00236631
25,43,0.000807585
25,44,0.000234295
25,45,5.74585e-05
25,46,1.18925e-05
25,47,2.0779e-06
25,48,3.07108e-07
25,49,4.32968e-08
26,0,0
26,1,3.46329e-08
26,2,2.83675e-07
26,3,1.94214e-06
26,4,1.12157e-05
26,5,5.46172e-05
26,6,0.000224246
26,7,0.000777489
26,8,0.0022892
26,9,0.00579609
26,10,0.012886
26,11,0.0257982
26,12,0.0473843
26,13,0.0801331
26,14,0.124021
26,15,0.174972
26,16,0.225234
26,17,0.264967
26,18,0.285558
26,19,0.283699
26,20,0.26253
26,21,0.229382
26,22,0.192137
26,23,0.156255
26,24,0.124218
26,25,0.101119
26,26,0.124218
26,27,0.156255
26,28,0.192137
26,29,0.229382
26,30,0.26253
26,31,0.283699
26,32,0.285558
26,33,0.264967
26,34,0.225234
26,35,0.174972
26,36,0.124021
26,37,0.0801331
26,38,0.0473843
26,39,0.0257982
26,40,0.012886
26,41,0.00579609
26,42,0.0022892
26,43,0.000777489
26,44,0.000224246
26,45,5.46172e-05
26,46,1.12157e-05
26,47,1.94217e-06
26,48,2.84084e-07
26,49,3.93277e-08
27,0,0
27,1,2.63421e-08
27,2,2.23712e-07
27,3,1.58095e-06
27,4,9.38419e-06
27,5,4.6807e-05
27,6,0.000196249
27,7,0.000692866
27,8,0.00207109
27,9,0.0053058
27,10,0.0118961
27,11,0.0239679
27,12,0.0442887
27,13,0.0753942
27,14,0.11754
27,15,0.167319
27,16,0.217807
27,17,0.259353
27,18,0.283296
27,19,0.286338
27,20,0.270365
27,21,0.242132
27,22,0.209722
27,23,0.179405
27,24,0.156255
27,25,0.145446
27,26,0.156255
27,27,0.179405
27,28,0.209723
27,29,0.242132
27,30,0.270365
27,31,0.286338
27,32,0.283296
27,33,0.259353
27,34,0.217807
27,35,0.167319
27,36,0.117541
27,37,0.0753942
27,38,0.0442887
27,39,0.0239679
27,40,0.0118961
27,41,0.0053058
27,42,0.00207109
27,43,0.000692866
27,44,0.000196249
27,45,4.6807e-05
27,46,9.38419e-06
27,47,1.58097e-06
27,48,2.23947e-07
27,49,2.93156e-08
28,0,0
28,1,1.64105e-08
28,2,1.48527e-07
28,3,1.10937e-06
28,4,6.90845e-06
28,5,3.59307e-05
28,6,0.000156239
28,7,0.000569172
28,8,0.0017465
28,9,0.00456796
28,10,0.0103977
28,11,0.0211707
28,12,0.0394726
28,13,0.0679244
28,14,0.107307
28,15,0.154919
28,16,0.204782
28,17,0.248595
28,18,0.277848
28,19,0.28801
28,20,0.280212
28,21,0.259704
28,22,0.233955
28,23,0.209723
28,24,0.192137
28,25,0.185347
28,26,0.192137
28,27,0.209722
28,28,0.233955
28,29,0.259704
28,30,0.280212
28,31,0.28801
28,32,0.277848
28,33,0.248595
28,34,0.204782
28,35,0.154919
28,36,0.107307
28,37,0.0679245
28,38,0.0394726
28,39,0.0211707
28,40,0.0103977
28,41,0.00456796
28,42,0.0017465
28,43,0.000569172
28,44,0.000156239
28,45,3.59307e-05
28,46,6.90845e-06
28,47,1.10937e-06
28,48,1.48603e-07
28,49,1.76492e-08
29,0,0
29,1,8.13955e-09
29,2,8.11802e-08
29,3,6.59145e-07
29,4,4.40972e-06
29,5,2.44074e-05
29,6,0.000112053
29,7,0.000427822
29,8,0.00136543
29,9,0.0036837
29,10,0.00857561
29,11,0.0177375
29,12,0.0334994
29,13,0.0584356
29,14,0.0938148
29,15,0.138077
29,16,0.186582
29,17,0.231954
29,18,0.266404
29,19,0.285156
29,20,0.287348
29,21,0.276825
29,22,0.259704
29,23,0.242132
29,24,0.229382
29,25,0.224534
29,26,0.229382
29,27,0.242132
29,28,0.259704
29,29,0.276825
29,30,0.287348
29,31,0.285156
29,32,0.266404
29,33,0.231954
29,34,0.186582
29,35,0.138077
29,36,0.0938148
29,37,0.0584356
29,38,0.0334994
29,39,0.0177376
29,40,0.00857561
29,41,0.0036837
29,42,0.00136543
29,43,0.000427822
29,44,0.000112053
29,45,2.44074e-05
29,46,4.40971e-06
29,47,6.59144e-07
29,48,8.11797e-08
29,49,8.34513e-09
30,0,0
30,1,3.09382e-09
30,2,3.53222e-08
30,3,3.22363e-07
30,4,2.38498e-06
30,5,1.4402e-05
30,6,7.131e-05
30,7,0.000290645
30,8,0.000980413
30,9,0.00276541
30,10,0.00665004
30,11,0.0140496
30,12,0.0269501
30,13,0.0478193
30,14,0.0783465
30,15,0.117812
30,16,0.163059
30,17,0.208684
30,18,0.247446
30,19,0.274046
30,20,0.286877
30,21,0.287348
30,22,0.280212
30,23,0.270365
30,24,0.26253
30,25,0.259501
30,26,0.26253
30,27,0.270365
30,28,0.280212
30,29,0.287348
30,30,0.286877
30,31,0.274046
30,32,0.247446
30,33,0.208684
30,34,0.163059
30,35,0.117812
30,36,0.0783465
30,37,0.0478193
30,38,0.0269501
30,39,0.0140496
30,40,0.00665004
30,41,0.00276541
30,42,0.000980413
30,43,0.000290645
30,44,7.131e-05
30,45,1.4402e-05
30,46,2.38498e-06
30,47,3.22362e-07
30,48,3.531e-08
30,49,2.99404e-09
31,0,0
31,1,8.66967e-10
31,2,1.17785e-08
31,3,1.25132e-07
31,4,1.05743e-06
31,5,7.17613e-06
31,6,3.93578e-05
31,7,0.000175293
31,8,0.000637555
31,9,0.00191194
31,10,0.00481422
31,11,0.0104875
31,12,0.020511
31,13,0.0370204
31,14,0.062
31,15,0.0957204
31,16,0.136097
31,17,0.179212
31,18,0.219716
31,19,0.252297
31,20,0.274046
31,21,0.285156
31,22,0.28801
31,23,0.286338
31,24,0.283699
31,25,0.2825
31,26,0.283699
31,27,0.286338
31,28,0.288009
31,29,0.285156
31,30,0.274046
31,31,0.252297
31,32,0.219716
31,33,0.179212
31,34,0.136097
31,35,0.0957204
31,36,0.062
31,37,0.0370204
31,38,0.020511
31,39,0.0104875
31,40,0.00481422
31,41,0.00191194
31,42,0.000637554
31,43,0.000175293
31,44,3.93578e-05
31,45,7.17613e-06
31,46,1.05743e-06
31,47,1.25131e-07
31,48,1.1773e-08
31,49,7.884e-10
32,0,0
32,1,1.7279e-10
32,2,2.9063e-09
32,3,3.71864e-08
32,4,3.70408e-07
32,5,2.91188e-06
32,6,1.82203e-05
32,7,9.1246e-05
32,8,0.00036748
32,9,0.00119916
32,10,0.0032198
32,11,0.00732238
32,12,0.0147041
32,13,0.0270748
32,14,0.0463283
32,15,0.0733534
32,16,0.107398
32,17,0.14597
32,18,0.184802
32,19,0.219716
32,20,0.247446
32,21,0.266404
32,22,0.277848
32,23,0.283296
32,24,0.285558
32,25,0.285972
32,26,0.285558
32,27,0.283296
32,28,0.277848
32,29,0.266404
32,30,0.247446
32,31,0.219716
32,32,0.184802
32,33,0.14597
32,34,0.107398
32,35,0.0733534
32,36,0.0463283
32,37,0.0270748
32,38,0.0147041
32,39,0.00732238
32,40,0.0032198
32,41,0.00119916
32,42,0.00036748
32,43,9.1246e-05
32,44,1.82203e-05
32,45,2.91188e-06
32,46,3.70408e-07
32,47,3.71863e-08
32,48,2.90507e-09
32,49,1.47629e-10
33,0,0
33,1,2.35436e-11
33,2,5.13596e-10
33,3,8.19925e-09
33,4,9.91959e-08
33,5,9.28666e-07
33,6,6.8136e-06
33,7,3.94702e-05
33,8,0.000181354
33,9,0.000664047
33,10,0.00195672
33,11,0.00474537
33,12,0.00987508
33,13,0.018573
33,14,0.03255
33,15,0.0529714
33,16,0.079618
33,17,0.111484
33,18,0.14597
33,19,0.179212
33,20,0.208684
33,21,0.231954
33,22,0.248595
33,23,0.259353
33,24,0.264967
33,25,0.266894
33,26,0.264967
33,27,0.259353
33,28,0.248595
33,29,0.231954
33,30,0.208684
33,31,0.179212
33,32,0.14597
33,33,0.111484
33,34,0.079618
33,35,0.0529714
33,36,0.03255
33,37,0.018573
33,38,0.00987509
33,39,0.00474537
33,40,0.00195672
33,41,0.000664047
33,42,0.000181354
33,43,3.94702e-05
33,44,6.8136e-06
33,45,9.28666e-07
33,46,9.91959e-08
33,47,8.19925e-09
33,48,5.13441e-10
33,49,1.89419e-11
34,0,0
34,1,2.06982e-12
34,2,6.25832e-11
34,3,1.30191e-09
34,4,1.97544e-08
34,5,2.26118e-07
34,6,1.99229e-06
34,7,1.36725e-05
34,8,7.35611e-05
34,9,0.000311479
34,10,0.00104309
34,11,0.0027976
34,12,0.00619483
34,13,0.0119582
34,14,0.0213113
34,15,0.035699
34,16,0.0553875
34,17,0.079618
34,18,0.107398
34,19,0.136097
34,20,0.163059
34,21,0.186582
34,22,0.204782
34,23,0.217807
34,24,0.225234
34,25,0.227807
34,26,0.225234
34,27,0.217807
34,28,0.204782
34,29,0.186582
34,30,0.163059
34,31,0.136097
34,32,0.107398
34,33,0.079618
34,34,0.0553875
34,35,0.035699
34,36,0.0213113
34,37,0.0119582
34,38,0.00619483
34,39,0.0027976
34,40,0.00104309
34,41,0.000311479
34,42,7.35611e-05
34,43,1.36725e-05
34,44,1.99229e-06
34,45,2.26118e-07
34,46,1.97544e-08
34,47,1.30191e-09
34,48,6.25727e-11
34,49,1.57332e-12
35,0,0
35,1,1.05312e-13
35,2,4.96391e-12
35,3,1.43518e-10
35,4,2.84634e-09
35,5,4.10263e-08
35,6,4.44265e-07
35,7,3.68583e-06
35,8,2.36917e-05
35,9,0.000118684
35,10,0.000465046
35,11,0.00143355
35,12,0.00353311
35,13,0.00723567
35,14,0.0131257
35,15,0.0223028
35,16,0.035699
35,17,0.0529714
35,18,0.0733534
35,19,0.0957204
35,20,0.117812
35,21,0.138077
35,22,0.154919
35,23,0.167319
35,24,0.174972
35,25,0.177441
35,26,0.174972
35,27,0.167319
35,28,0.154919
35,29,0.138077
35,30,0.117812
35,31,0.0957204
35,32,0.0733534
35,33,0.0529714
35,34,0.035699
35,35,0.0223028
35,36,0.0131257
35,37,0.00723567
35,38,0.00353311
35,39,0.00143355
35,40,0.000465046
35,41,0.000118684
35,42,2.36917e-05
35,43,3.68583e-06
35,44,4.44266e-07
35,45,4.10263e-08
35,46,2.84634e-09
35,47,1.43518e-10
35,48,4.96362e-12
35,49,7.59006e-14
36,0,0
36,1,2.34837e-15
36,2,2.29771e-13
36,3,1.03716e-11
36,4,2.86385e-10
36,5,5.40802e-09
36,6,7.397e-08
36,7,7.57263e-07
36,8,5.91485e-06
36,9,3.56326e-05
36,10,0.00016652
36,11,0.000606125
36,12,0.00173166
36,13,0.00396437
36,14,0.00761386
36,15,0.0131257
36,16,0.0213113
36,17,0.03255
36,18,0.0463283
36,19,0.062
36,20,0.0783465
36,21,0.0938148
36,22,0.107307
36,23,0.117541
36,24,0.124021
36,25,0.126162
36,26,0.124021
36,27,0.11754
36,28,0.107307
36,29,0.0938148
36,30,0.0783465
36,31,0.062
36,32,0.0463283
36,33,0.03255
36,34,0.0213113
36,35,0.0131257
36,36,0.00761386
36,37,0.00396437
36,38,0.00173166
36,39,0.000606125
36,40,0.00016652
36,41,3.56326e-05
36,42,5.91485e-06
36,43,7.57263e-07
36,44,7.397e-08
36,45,5.40802e-09
36,46,2.86385e-10
36,47,1.03716e-11
36,48,2.29771e-13
36,49,1.61031e-15
37,0,0
37,1,0
37,2,4.69675e-15
37,3,4.40394e-13
37,4,1.90041e-11
37,5,5.0031e-10
37,6,8.98123e-09
37,7,1.16402e-07
37,8,1.12524e-06
37,9,8.2684e-06
37,10,4.66853e-05
37,11,0.000203796
37,12,0.000691522
37,13,0.00184365
37,14,0.00396437
37,15,0.00723567
37,16,0.0119582
37,17,0.018573
37,18,0.0270748
37,19,0.0370204
37,20,0.0478193
37,21,0.0584356
37,22,0.0679244
37,23,0.0753942
37,24,0.0801331
37,25,0.0817806
37,26,0.0801331
37,27,0.0753942
37,28,0.0679245
37,29,0.0584356
37,30,0.0478193
37,31,0.0370204
37,32,0.0270748
37,33,0.018573
37,34,0.0119582
37,35,0.00723567
37,36,0.00396437
37,37,0.00184365
37,38,0.000691522
37,39,0.000203796
37,40,4.66853e-05
37,41,8.2684e-06
37,42,1.12524e-06
37,43,1.16402e-07
37,44,8.98123e-09
37,45,5.0031e-10
37,46,1.90041e-11
37,47,4.40394e-13
37,48,4.69675e-15
37,49,0
38,0,0
38,1,0
38,2,0
38,3,8.30963e-15
38,4,7.45283e-13
38,5,3.06861e-11
38,6,7.68733e-10
38,7,1.3093e-08
38,8,1.60498e-07
38,9,1.46258e-06
38,10,1.00977e-05
38,11,5.34073e-05
38,12,0.000217949
38,13,0.000691522
38,14,0.00173166
38,15,0.00353311
38,16,0.00619483
38,17,0.00987509
38,18,0.0147041
38,19,0.020511
38,20,0.0269501
38,21,0.0334994
38,22,0.0394726
38,23,0.0442887
38,24,0.0473843
38,25,0.0484683
38,26,0.0473843
38,27,0.0442887
38,28,0.0394726
38,29,0.0334994
38,30,0.0269501
38,31,0.020511
38,32,0.0147041
38,33,0.00987509
38,34,0.00619483
38,35,0.00353311
38,36,0.00173166
38,37,0.000691522
38,38,0.000217949
38,39,5.34073e-05
38,40,1.00977e-05
38,41,1.46258e-06
38,42,1.60498e-07
38,43,1.3093e-08
38,44,7.68734e-10
38,45,3.06861e-11
38,46,7.45283e-13
38,47,8.30963e-15
38,48,0
38,49,0
39,0,0
39,1,0
39,2,0
39,3,0
39,4,1.3058e-14
39,5,1.11792e-12
39,6,4.38243e-11
39,7,1.04238e-09
39,8,1.68064e-08
39,9,1.94415e-07
39,10,1.66657e-06
39,11,1.07914e-05
39,12,5.34073e-05
39,13,0.000203796
39,14,0.000606125
39,15,0.00143355
39,16,0.0027976
39,17,0.00474537
39,18,0.00732238
39,19,0.0104875
39,20,0.0140496
39,21,0.0177376
39,22,0.0211707
39,23,0.0239679
39,24,0.0257982
39,25,0.026432
39,26,0.0257982
39,27,0.0239679
39,28,0.0211707
39,29,0.0177376
39,30,0.0140496
39,31,0.0104875
39,32,0.00732238
39,33,0.00474537
39,34,0.0027976
39,35,0.00143355
39,36,0.000606125
39,37,0.000203796
39,38,5.34073e-05
39,39,1.07914e-05
39,40,1.66657e-06
39,41,1.94415e-07
39,42,1.68064e-08
39,43,1.04238e-09
39,44,4.38243e-11
39,45,1.11792e-12
39,46,1.3058e-14
39,47,0
39,48,0
39,49,0
40,0,0
40,1,0
40,2,0
40,3,0
40,4,0
40,5,1.82812e-14
40,6,1.49057e-12
40,7,5.55001e-11
40,8,1.25022e-09
40,9,1.9032e-08
40,10,2.07209e-07
40,11,1.66657e-06
40,12,1.00977e-05
40,13,4.66853e-05
40,14,0.00016652
40,15,0.000465046
40,16,0.00104309
40,17,0.00195672
40,18,0.0032198
40,19,0.00481422
40,20,0.00665004
40,21,0.00857561
40,22,0.0103977
40,23,0.0118961
40,24,0.012886
40,25,0.0132296
40,26,0.012886
40,27,0.0118961
40,28,0.0103977
40,29,0.00857561
40,30,0.00665004
40,31,0.00481422
40,32,0.0032198
40,33,0.00195672
40,34,0.00104309
40,35,0.000465046
40,36,0.00016652
40,37,4.66853e-05
40,38,1.00977e-05
40,39,1.66657e-06
40,40,2.07209e-07
40,41,1.9032e-08
40,42,1.25022e-09
40,43,5.55001e-11
40,44,1.49057e-12
40,45,1.82812e-14
40,46,0
40,47,0
40,48,0
40,49,0
41,0,0
41,1,0
41,2,0
41,3,0
41,4,0
41,5,0
41,6,2.28515e-14
41,7,1.77005e-12
41,8,6.24317e-11
41,9,1.32814e-09
41,10,1.9032e-08
41,11,1.94415e-07
41,12,1.46258e-06
41,13,8.2684e-06
41,14,3.56326e-05
41,15,0.000118684
41,16,0.000311479
41,17,0.000664047
41,18,0.00119916
41,19,0.00191194
41,20,0.00276541
41,21,0.0036837
41,22,0.00456796
41,23,0.0053058
41,24,0.00579609
41,25,0.00596811
41,26,0.00579609
41,27,0.0053058
41,28,0.00456796
41,29,0.0036837
41,30,0.00276541
41,31,0.00191194
41,32,0.00119916
41,33,0.000664047
41,34,0.000311479
41,35,0.000118684
41,36,3.56326e-05
41,37,8.2684e-06
41,38,1.46258e-06
41,39,1.94415e-07
41,40,1.9032e-08
41,41,1.32814e-09
41,42,6.24317e-11
41,43,1.77005e-12
41,44,2.28515e-14
41,45,0
41,46,0
41,47,0
41,48,0
41,49,0
42,0,0
42,1,0
42,2,0
42,3,0
42,4,0
42,5,0
42,6,0
42,7,2.55399e-14
42,8,1.87417e-12
42,9,6.24317e-11
42,10,1.25022e-09
42,11,1.68064e-08
42,12,1.60498e-07
42,13,1.12524e-06
42,14,5.91485e-06
42,15,2.36917e-05
42,16,7.35611e-05
42,17,0.000181354
42,18,0.00036748
42,19,0.000637554
42,20,0.000980413
42,21,0.00136543
42,22,0.0017465
42,23,0.00207109
42,24,0.0022892
42,25,0.00236631
42,26,0.0022892
42,27,0.00207109
42,28,0.0017465
42,29,0.00136543
42,30,0.000980413
42,31,0.000637554
42,32,0.00036748
42,33,0.000181354
42,34,7.35611e-05
42,35,2.36917e-05
42,36,5.91485e-06
42,37,1.12524e-06
42,38,1.60498e-07
42,39,1.68064e-08
42,40,1.25022e-09
42,41,6.24317e-11
42,42,1.87417e-12
42,43,2.55399e-14
42,44,0
42,45,0
42,46,0
42,47,0
42,48,0
42,49,0
43,0,0
43,1,0
43,2,0
43,3,0
43,4,0
43,5,0
43,6,0
43,7,0
43,8,2.55399e-14
43,9,1.77005e-12
43,10,5.55001e-11
43,11,1.04238e-09
43,12,1.3093e-08
43,13,1.16402e-07
43,14,7.57263e-07
43,15,3.68583e-06
43,16,1.36725e-05
43,17,3.94702e-05
43,18,9.1246e-05
43,19,0.000175293
43,20,0.000290645
43,21,0.000427822
43,22,0.000569172
43,23,0.000692866
43,24,0.000777488
43,25,0.000807585
43,26,0.000777488
43,27,0.000692866
43,28,0.000569172
43,29,0.000427822
43,30,0.000290645
43,31,0.000175293
43,32,9.1246e-05
43,33,3.94702e-05
43,34,1.36725e-05
43,35,3.68583e-06
43,36,7.57263e-07
43,37,1.16402e-07
43,38,1.3093e-08
43,39,1.04238e-09
43,40,5.55001e-11
43,41,1.77005e-12
43,42,2.55399e-14
43,43,0
43,44,0
43,45,0
43,46,0
43,47,0
43,48,0
43,49,0
44,0,0
44,1,0
44,2,0
44,3,0
44,4,0
44,5,0
44,6,0
44,7,0
44,8,0
44,9,2.28515e-14
44,10,1.49057e-12
44,11,4.38243e-11
44,12,7.68734e-10
44,13,8.98123e-09
44,14,7.397e-08
44,15,4.44265e-07
44,16,1.99229e-06
44,17,6.8136e-06
44,18,1.82203e-05
44,19,3.93578e-05
44,20,7.13099e-05
44,21,0.000112053
44,22,0.000156239
44,23,0.000196249
44,24,0.000224246
44,25,0.000234295
44,26,0.000224245
44,27,0.000196249
44,28,0.000156239
44,29,0.000112053
44,30,7.131e-05
44,31,3.93578e-05
44,32,1.82203e-05
44,33,6.8136e-06
44,34,1.99229e-06
44,35,4.44265e-07
44,36,7.397e-08
44,37,8.98123e-09
44,38,7.68734e-10
44,39,4.38243e-11
44,40,1.49057e-12
44,41,2.28515e-14
44,42,0
44,43,0
44,44,0
44,45,0
44,46,0
44,47,0
44,48,0
44,49,0
45,0,0
45,1,0
45,2,0
45,3,0
45,4,0
45,5,0
45,6,0
45,7,0
45,8,0
45,9,0
45,10,1.82812e-14
45,11,1.11792e-12
45,12,3.06861e-11
45,13,5.0031e-10
45,14,5.40802e-09
45,15,4.10263e-08
45,16,2.26118e-07
45,17,9.28666e-07
45,18,2.91188e-06
45,19,7.17613e-06
45,20,1.4402e-05
45,21,2.44074e-05
45,22,3.59307e-05
45,23,4.6807e-05
45,24,5.46172e-05
45,25,5.74585e-05
45,26,5.46172e-05
45,27,4.6807e-05
45,28,3.59307e-05
45,29,2.44074e-05
45,30,1.4402e-05
45,31,7.17613e-06
45,32,2.91188e-06
45,33,9.28666e-07
45,34,2.26118e-07
45,35,4.10263e-08
45,36,5.40802e-09
45,37,5.0031e-10
45,38,3.06861e-11
45,39,1.11792e-12
45,40,1.82812e-14
45,41,0
45,42,0
45,43,0
45,44,0
45,45,0
45,46,0
45,47,0
45,48,0
45,49,0
46,0,0
46,1,0
46,2,0
46,3,0
46,4,0
46,5,0
46,6,0
46,7,0
46,8,0
46,9,0
46,10,0
46,11,1.3058e-14
46,12,7.45283e-13
46,13,1.90041e-11
46,14,2.86385e-10
46,15,2.84634e-09
46,16,1.97544e-08
46,17,9.91959e-08
46,18,3.70408e-07
46,19,1.05743e-06
46,20,2.38498e-06
46,21,4.40972e-06
46,22,6.90845e-06
46,23,9.38419e-06
46,24,1.12157e-05
46,25,1.18925e-05
46,26,1.12157e-05
46,27,9.38419e-06
46,28,6.90845e-06
46,29,4.40971e-06
46,30,2.38498e-06
46,31,1.05743e-06
46,32,3.70408e-07
46,33,9.91959e-08
46,34,1.97544e-08
46,35,2.84634e-09
46,36,2.86385e-10
46,37,1.90041e-11
46,38,7.45283e-13
46,39,1.3058e-14
46,40,0
46,41,0
46,42,0
46,43,0
46,44,0
46,45,0
46,46,0
46,47,0
46,48,0
46,49,0
47,0,0
47,1,0
47,2,0
47,3,0
47,4,0
47,5,0
47,6,0
47,7,0
47,8,0
47,9,0
47,10,0
47,11,0
47,12,8.30963e-15
47,13,4.40394e-13
47,14,1.03716e-11
47,15,1.43518e-10
47,16,1.30191e-09
47,17,8.19925e-09
47,18,3.71863e-08
47,19,1.25131e-07
47,20,3.22362e-07
47,21,6.59144e-07
47,22,1.10937e-06
47,23,1.58097e-06
47,24,1.94217e-06
47,25,2.0779e-06
47,26,1.94217e-06
47,27,1.58097e-06
47,28,1.10937e-06
47,29,6.59144e-07
47,30,3.22362e-07
47,31,1.25131e-07
47,32,3.71863e-08
47,33,8.19925e-09
47,34,1.30191e-09
47,35,1.43518e-10
47,36,1.03716e-11
47,37,4.40394e-13
47,38,8.30963e-15
47,39,0
47,40,0
47,41,0
47,42,0
47,43,0
47,44,0
47,45,0
47,46,0
47,47,0
47,48,0
47,49,0
48,0,0
48,1,0
48,2,0
48,3,0
48,4,0
48,5,0
48,6,0
48,7,0
48,8,0
48,9,0
48,10,0
48,11,0
48,12,0
48,13,4.69675e-15
48,14,2.29771e-13
48,15,4.96362e-12
48,16,6.25727e-11
48,17,5.13441e-10
48,18,2.90507e-09
48,19,1.1773e-08
48,20,3.531e-08
48,21,8.11797e-08
48,22,1.48603e-07
48,23,2.23947e-07
48,24,2.84084e-07
48,25,3.07108e-07
48,26,2.84084e-07
48,27,2.23947e-07
48,28,1.48603e-07
48,29,8.11797e-08
48,30,3.531e-08
48,31,1.1773e-08
48,32,2.90507e-09
48,33,5.13441e-10
48,34,6.25727e-11
48,35,4.96362e-12
48,36,2.29771e-13
48,37,4.69675e-15
48,38,0
48,39,0
48,40,0
48,41,0
48,42,0
48,43,0
48,44,0
48,45,0
48,46,0
48,47,0
48,48,0
48,49,0
49,0,0
49,1,0
49,2,0
49,3,0
49,4,0
49,5,0
49,6,0
49,7,0
49,8,0
49,9,0
49,10,0
49,11,0
49,12,0
49,13,0
49,14,1.61031e-15
49,15,7.59006e-14
49,16,1.57332e-12
49,17,1.89419e-11
49,18,1.47629e-10
49,19,7.884e-10
49,20,2.99404e-09
49,21,8.34513e-09
49,22,1.76492e-08
49,23,2.93156e-08
49,24,3.93277e-08
49,25,4.32968e-08
49,26,3.93277e-08
49,27,2.93156e-08
49,28,1.76492e-08
49,29,8.34513e-09
49,30,2.99404e-09
49,31,7.884e-10
49,32,1.47629e-10
49,33,1.89419e-11
49,34,1.57332e-12
49,35,7.59006e-14
49,36,1.61031e-15
49,37,0
49,38,0
49,39,0
49,40,0
49,41,0
49,42,0
49,43,0
49,44,0
49,45,0
49,46,0
49,47,0
49,48,0
49,49,0
