0,0,0
0,1,0
0,2,0
0,3,0
0,4,0
0,5,0
0,6,0
0,7,0
0,8,0
0,9,0
0,10,0
0,11,0
0,12,0
0,13,0
0,14,0
0,15,0
0,16,0
0,17,0
0,18,0
0,19,0
0,20,0
0,21,0
0,22,0
0,23,0
0,24,0
0,25,0
0,26,0
0,27,0
0,28,0
0,29,0
0,30,0
0,31,0
0,32,0
0,33,0
0,34,0
0,35,0
0,36,0
0,37,0
0,38,0
0,39,0
0,40,0
0,41,0
0,42,0
0,43,0
0,44,0
0,45,0
0,46,0
0,47,0
0,48,0
0,49,0
1,0,0
1,1,0
1,2,0
1,3,0
1,4,0
1,5,0
1,6,0
1,7,0
1,8,0
1,9,0
1,10,0
1,11,0
1,12,0
1,13,0
1,14,0
1,15,0
1,16,0
1,17,0
1,18,0
1,19,0
1,20,0
1,21,0
1,22,0
1,23,0
1,24,0
1,25,0
1,26,0
1,27,0
1,28,0
1,29,0
1,30,0
1,31,0
1,32,0
1,33,0
1,34,0
1,35,0
1,36,0
1,37,0
1,38,0
1,39,0
1,40,0
1,41,0
1,42,0
1,43,0
1,44,0
1,45,0
1,46,0
1,47,0
1,48,0
1,49,0
2,0,0
2,1,0
2,2,0
2,3,0
2,4,0
2,5,0
2,6,0
2,7,0
2,8,0
2,9,0
2,10,0
2,11,0
2,12,0
2,13,0
2,14,0
2,15,0
2,16,0
2,17,0
2,18,0
2,19,0
2,20,0
2,21,0
2,22,0
2,23,0
2,24,0
2,25,0
2,26,0
2,27,0
2,28,0
2,29,0
2,30,0
2,31,0
2,32,0
2,33,0
2,34,0
2,35,0
2,36,0
2,37,0
2,38,0
2,39,0
2,40,0
2,41,0
2,42,0
2,43,0
2,44,0
2,45,0
2,46,0
2,47,0
2,48,0
2,49,0
3,0,0
3,1,0
3,2,0
3,3,0
3,4,0
3,5,0
3,6,0
3,7,0
3,8,0
3,9,0
3,10,0
3,11,0
3,12,0
3,13,0
3,14,0
3,15,0
3,16,0
3,17,0
3,18,0
3,19,0
3,20,0
3,21,0
3,22,0
3,23,0
3,24,0
3,25,0
3,26,0
3,27,0
3,28,0
3,29,0
3,30,0
3,31,0
3,32,0
3,33,0
3,34,0
3,35,0
3,36,0
3,37,0
3,38,0
3,39,0
3,40,0
3,41,0
3,42,0
3,43,0
3,44,0
3,45,0
3,46,0
3,47,0
3,48,0
3,49,0
4,0,0
4,1,0
4,2,0
4,3,0
4,4,0
4,5,0
4,6,0
4,7,0
4,8,0
4,9,0
4,10,0
4,11,0
4,12,0
4,13,0
4,14,0
4,15,0
4,16,0
4,17,0
4,18,0
4,19,0
4,20,0
4,21,0
4,22,0
4,23,0
4,24,0
4,25,0
4,26,0
4,27,0
4,28,0
4,29,0
4,30,0
4,31,0
4,32,0
4,33,0
4,34,0
4,35,0
4,36,0
4,37,0
4,38,0
4,39,0
4,40,0
4,41,0
4,42,0
4,43,0
4,44,0
4,45,0
4,46,0
4,47,0
4,48,0
4,49,0
5,0,0
5,1,0
5,2,0
5,3,0
5,4,0
5,5,0
5,6,0
5,7,0
5,8,0
5,9,0
5,10,0
5,11,0
5,12,0
5,13,0
5,14,0
5,15,0
5,16,0
5,17,0
5,18,0
5,19,0
5,20,0
5,21,0
5,22,0
5,23,0
5,24,0
5,25,0
5,26,0
5,27,0
5,28,0
5,29,0
5,30,0
5,31,0
5,32,0
5,33,0
5,34,0
5,35,0
5,36,0
5,37,0
5,38,0
5,39,0
5,40,0
5,41,0
5,42,0
5,43,0
5,44,0
5,45,0
5,46,0
5,47,0
5,48,0
5,49,0
6,0,0
6,1,0
6,2,0
6,3,0
6,4,0
6,5,0
6,6,0
6,7,0
6,8,0
6,9,0
6,10,0
6,11,0
6,12,0
6,13,0
6,14,0
6,15,0
6,16,0
6,17,0
6,18,0
6,19,0
6,20,0
6,21,0
6,22,0
6,23,0
6,24,0
6,25,0
6,26,0
6,27,0
6,28,0
6,29,0
6,30,0
6,31,0
6,32,0
6,33,0
6,34,0
6,35,0
6,36,0
6,37,0
6,38,0
6,39,0
6,40,0
6,41,0
6,42,0
6,43,0
6,44,0
6,45,0
6,46,0
6,47,0
6,48,0
6,49,0
7,0,0
7,1,0
7,2,0
7,3,0
7,4,0
7,5,0
7,6,0
7,7,0
7,8,0
7,9,0
7,10,0
7,11,0
7,12,0
7,13,0
7,14,0
7,15,0
7,16,0
7,17,0
7,18,0
7,19,0
7,20,0
7,21,0
7,22,0
7,23,0
7,24,0
7,25,0
7,26,0
7,27,0
7,28,0
7,29,0
7,30,0
7,31,0
7,32,0
7,33,0
7,34,0
7,35,0
7,36,0
7,37,0
7,38,0
7,39,0
7,40,0
7,41,0
7,42,0
7,43,0
7,44,0
7,45,0
7,46,0
7,47,0
7,48,0
7,49,0
8,0,0
8,1,0
8,2,0
8,3,0
8,4,0
8,5,0
8,6,0
8,7,0
8,8,0
8,9,0
8,10,0
8,11,0
8,12,0
8,13,0
8,14,0
8,15,0
8,16,0
8,17,0
8,18,0
8,19,0
8,20,0
8,21,0
8,22,0
8,23,0
8,24,0
8,25,0
8,26,0
8,27,0
8,28,0
8,29,0
8,30,0
8,31,0
8,32,0
8,33,0
8,34,0
8,35,0
8,36,0
8,37,0
8,38,0
8,39,0
8,40,0
8,41,0
8,42,0
8,43,0
8,44,0
8,45,0
8,46,0
8,47,0
8,48,0
8,49,0
9,0,0
9,1,0
9,2,0
9,3,0
9,4,0
9,5,0
9,6,0
9,7,0
9,8,0
9,9,0
9,10,0
9,11,0
9,12,0
9,13,0
9,14,0
9,15,0
9,16,0
9,17,0
9,18,0
9,19,0
9,20,0
9,21,0
9,22,0
9,23,0
9,24,0
9,25,1.54716e-12
9,26,0
9,27,0
9,28,0
9,29,0
9,30,0
9,31,0
9,32,0
9,33,0
9,34,0
9,35,0
9,36,0
9,37,0
9,38,0
9,39,0
9,40,0
9,41,0
9,42,0
9,43,0
9,44,0
9,45,0
9,46,0
9,47,0
9,48,0
9,49,0
10,0,0
10,1,0
10,2,0
10,3,0
10,4,0
10,5,0
10,6,0
10,7,0
10,8,0
10,9,0
10,10,0
10,11,0
10,12,0
10,13,0
10,14,0
10,15,0
10,16,0
10,17,0
10,18,0
10,19,0
10,20,0
10,21,0
10,22,0
10,23,0
10,24,2.47546e-11
10,25,1.03176e-10
10,26,2.47546e-11
10,27,0
10,28,0
10,29,0
10,30,0
10,31,0
10,32,0
10,33,0
10,34,0
10,35,0
10,36,0
10,37,0
10,38,0
10,39,0
10,40,0
10,41,0
10,42,0
10,43,0
10,44,0
10,45,0
10,46,0
10,47,0
10,48,0
10,49,0
11,0,0
11,1,0
11,2,0
11,3,0
11,4,0
11,5,0
11,6,0
11,7,0
11,8,0
11,9,0
11,10,0
11,11,0
11,12,0
11,13,0
11,14,0
11,15,0
11,16,0
11,17,0
11,18,0
11,19,0
11,20,0
11,21,0
11,22,0
11,23,1.85659e-10
11,24,1.54764e-09
11,25,3.28922e-09
11,26,1.54764e-09
11,27,1.85659e-10
11,28,0
11,29,0
11,30,0
11,31,0
11,32,0
11,33,0
11,34,0
11,35,0
11,36,0
11,37,0
11,38,0
11,39,0
11,40,0
11,41,0
11,42,0
11,43,0
11,44,0
11,45,0
11,46,0
11,47,0
11,48,0
11,49,0
12,0,0
12,1,0
12,2,0
12,3,0
12,4,0
12,5,0
12,6,0
12,7,0
12,8,0
12,9,0
12,10,0
12,11,0
12,12,0
12,13,0
12,14,0
12,15,0
12,16,0
12,17,0
12,18,0
12,19,0
12,20,0
12,21,0
12,22,8.6641e-10
12,23,1.08335e-08
12,24,4.34746e-08
12,25,6.66705e-08
12,26,4.34746e-08
12,27,1.08335e-08
12,28,8.6641e-10
12,29,0
12,30,0
12,31,0
12,32,0
12,33,0
12,34,0
12,35,0
12,36,0
12,37,0
12,38,0
12,39,0
12,40,0
12,41,0
12,42,0
12,43,0
12,44,0
12,45,0
12,46,0
12,47,0
12,48,0
12,49,0
13,0,0
13,1,0
13,2,0
13,3,0
13,4,0
13,5,0
13,6,0
13,7,0
13,8,0
13,9,0
13,10,0
13,11,0
13,12,0
13,13,0
13,14,0
13,15,0
13,16,0
13,17,0
13,18,0
13,19,0
13,20,0
13,21,2.81583e-09
13,22,4.6945e-08
13,23,2.77139e-07
13,24,7.27429e-07
13,25,9.48565e-07
13,26,7.27429e-07
13,27,2.77139e-07
13,28,4.6945e-08
13,29,2.81583e-09
13,30,0
13,31,0
13,32,0
13,33,0
13,34,0
13,35,0
13,36,0
13,37,0
13,38,0
13,39,0
13,40,0
13,41,0
13,42,0
13,43,0
13,44,0
13,45,0
13,46,0
13,47,0
13,48,0
13,49,0
14,0,0
14,1,0
14,2,0
14,3,0
14,4,0
14,5,0
14,6,0
14,7,0
14,8,0
14,9,0
14,10,0
14,11,0
14,12,0
14,13,0
14,14,0
14,15,0
14,16,0
14,17,0
14,18,0
14,19,0
14,20,6.758e-09
14,21,1.40835e-07
14,22,1.09816e-06
14,23,4.09374e-06
14,24,8.10059e-06
14,25,9.79972e-06
14,26,8.10059e-06
14,27,4.09374e-06
14,28,1.09816e-06
14,29,1.40835e-07
14,30,6.758e-09
14,31,0
14,32,0
14,33,0
14,34,0
14,35,0
14,36,0
14,37,0
14,38,0
14,39,0
14,40,0
14,41,0
14,42,0
14,43,0
14,44,0
14,45,0
14,46,0
14,47,0
14,48,0
14,49,0
15,0,0
15,1,0
15,2,0
15,3,0
15,4,0
15,5,0
15,6,0
15,7,0
15,8,0
15,9,0
15,10,0
15,11,0
15,12,0
15,13,0
15,14,0
15,15,0
15,16,0
15,17,0
15,18,0
15,19,1.23897e-08
15,20,3.09837e-07
15,21,3.00417e-06
15,22,1.45409e-05
15,23,3.87905e-05
15,24,6.34932e-05
15,25,7.41028e-05
15,26,6.34932e-05
15,27,3.87905e-05
15,28,1.45409e-05
15,29,3.00417e-06
15,30,3.09837e-07
15,31,1.23897e-08
15,32,0
15,33,0
15,34,0
15,35,0
15,36,0
15,37,0
15,38,0
15,39,0
15,40,0
15,41,0
15,42,0
15,43,0
15,44,0
15,45,0
15,46,0
15,47,0
15,48,0
15,49,0
16,0,0
16,1,0
16,2,0
16,3,0
16,4,0
16,5,0
16,6,0
16,7,0
16,8,0
16,9,0
16,10,0
16,11,0
16,12,0
16,13,0
16,14,0
16,15,0
16,16,0
16,17,0
16,18,1.76995e-08
16,19,5.16395e-07
16,20,5.99032e-06
16,21,3.57185e-05
16,22,0.000120386
16,23,0.000248855
16,24,0.000361224
16,25,0.000410884
16,26,0.000361224
16,27,0.000248855
16,28,0.000120386
16,29,3.57185e-05
16,30,5.99032e-06
16,31,5.16395e-07
16,32,1.76995e-08
16,33,0
16,34,0
16,35,0
16,36,0
16,37,0
16,38,0
16,39,0
16,40,0
16,41,0
16,42,0
16,43,0
16,44,0
16,45,0
16,46,0
16,47,0
16,48,0
16,49,0
17,0,0
17,1,0
17,2,0
17,3,0
17,4,0
17,5,0
17,6,0
17,7,0
17,8,0
17,9,0
17,10,0
17,11,0
17,12,0
17,13,0
17,14,0
17,15,0
17,16,0
17,17,1.9912e-08
17,18,6.63936e-07
17,19,8.97132e-06
17,20,6.36737e-05
17,21,0.000260394
17,22,0.000653951
17,23,0.00112256
17,24,0.00152175
17,25,0.00168594
17,26,0.00152175
17,27,0.00112256
17,28,0.000653951
17,29,0.000260394
17,30,6.36737e-05
17,31,8.97132e-06
17,32,6.63936e-07
17,33,1.9912e-08
17,34,0
17,35,0
17,36,0
17,37,0
17,38,0
17,39,0
17,40,0
17,41,0
17,42,0
17,43,0
17,44,0
17,45,0
17,46,0
17,47,0
17,48,0
17,49,0
18,0,0
18,1,0
18,2,0
18,3,0
18,4,0
18,5,0
18,6,0
18,7,0
18,8,0
18,9,0
18,10,0
18,11,0
18,12,0
18,13,0
18,14,0
18,15,0
18,16,1.76995e-08
18,17,6.63936e-07
18,18,1.02479e-05
18,19,8.45294e-05
18,20,0.000408267
18,21,0.00121627
18,22,0.0024195
18,23,0.00372005
18,24,0.00486826
18,25,0.00528435
18,26,0.00486826
18,27,0.00372005
18,28,0.0024195
18,29,0.00121627
18,30,0.000408267
18,31,8.45294e-05
18,32,1.02479e-05
18,33,6.63936e-07
18,34,1.76995e-08
18,35,0
18,36,0
18,37,0
18,38,0
18,39,0
18,40,0
18,41,0
18,42,0
18,43,0
18,44,0
18,45,0
18,46,0
18,47,0
18,48,0
18,49,0
19,0,0
19,1,0
19,2,0
19,3,0
19,4,0
19,5,0
19,6,0
19,7,0
19,8,0
19,9,0
19,10,0
19,11,0
19,12,0
19,13,0
19,14,0
19,15,1.23897e-08
19,16,5.16395e-07
19,17,8.97132e-06
19,18,8.45294e-05
19,19,0.000473327
19,20,0.00164811
19,21,0.00378005
19,22,0.00649609
19,23,0.00969322
19,24,0.0124718
19,25,0.013537
19,26,0.0124718
19,27,0.00969322
19,28,0.00649609
19,29,0.00378005
19,30,0.00164811
19,31,0.000473327
19,32,8.45294e-05
19,33,8.97132e-06
19,34,5.16395e-07
19,35,1.23897e-08
19,36,0
19,37,0
19,38,0
19,39,0
19,40,0
19,41,0
19,42,0
19,43,0
19,44,0
19,45,0
19,46,0
19,47,0
19,48,0
19,49,0
20,0,0
20,1,0
20,2,0
20,3,0
20,4,0
20,5,0
20,6,0
20,7,0
20,8,0
20,9,0
20,10,0
20,11,0
20,12,0
20,13,0
20,14,6.758e-09
20,15,3.09837e-07
20,16,5.99032e-06
20,17,6.36737e-05
20,18,0.000408267
20,19,0.00164811
20,20,0.00437633
20,21,0.00848824
20,22,0.0142458
20,23,0.0216473
20,24,0.027931
20,25,0.0308147
20,26,0.027931
20,27,0.0216473
20,28,0.0142458
20,29,0.00848824
20,30,0.00437633
20,31,0.00164811
20,32,0.000408267
20,33,6.36737e-05
20,34,5.99032e-06
20,35,3.09837e-07
20,36,6.758e-09
20,37,0
20,38,0
20,39,0
20,40,0
20,41,0
20,42,0
20,43,0
20,44,0
20,45,0
20,46,0
20,47,0
20,48,0
20,49,0
21,0,0
21,1,0
21,2,0
21,3,0
21,4,0
21,5,0
21,6,0
21,7,0
21,8,0
21,9,0
21,10,0
21,11,0
21,12,0
21,13,2.81583e-09
21,14,1.40835e-07
21,15,3.00417e-06
21,16,3.57185e-05
21,17,0.000260394
21,18,0.00121627
21,19,0.00378005
21,20,0.00848824
21,21,0.0161169
21,22,0.0284279
21,23,0.0439062
21,24,0.0583088
21,25,0.0651019
21,26,0.0583088
21,27,0.0439062
21,28,0.0284279
21,29,0.0161169
21,30,0.00848824
21,31,0.00378005
21,32,0.00121627
21,33,0.000260394
21,34,3.57185e-05
21,35,3.00417e-06
21,36,1.40835e-07
21,37,2.81583e-09
21,38,0
21,39,0
21,40,0
21,41,0
21,42,0
21,43,0
21,44,0
21,45,0
21,46,0
21,47,0
21,48,0
21,49,0
22,0,0
22,1,0
22,2,0
22,3,0
22,4,0
22,5,0
22,6,0
22,7,0
22,8,0
22,9,0
22,10,0
22,11,0
22,12,8.6641e-10
22,13,4.6945e-08
22,14,1.09816e-06
22,15,1.45409e-05
22,16,0.000120386
22,17,0.000653951
22,18,0.0024195
22,19,0.00649609
22,20,0.0142458
22,21,0.0284279
22,22,0.0512982
22,23,0.0814092
22,24,0.112714
22,25,0.128444
22,26,0.112714
22,27,0.0814092
22,28,0.0512982
22,29,0.0284279
22,30,0.0142458
22,31,0.00649609
22,32,0.0024195
22,33,0.000653951
22,34,0.000120386
22,35,1.45409e-05
22,36,1.09816e-06
22,37,4.6945e-08
22,38,8.6641e-10
22,39,0
22,40,0
22,41,0
22,42,0
22,43,0
22,44,0
22,45,0
22,46,0
22,47,0
22,48,0
22,49,0
23,0,0
23,1,0
23,2,0
23,3,0
23,4,0
23,5,0
23,6,0
23,7,0
23,8,0
23,9,0
23,10,0
23,11,1.85659e-10
23,12,1.08335e-08
23,13,2.77139e-07
23,14,4.09374e-06
23,15,3.87905e-05
23,16,0.000248855
23,17,0.00112256
23,18,0.00372005
23,19,0.00969322
23,20,0.0216473
23,21,0.0439062
23,22,0.0814092
23,23,0.136029
23,24,0.199413
23,25,0.240769
23,26,0.199413
23,27,0.136029
23,28,0.0814092
23,29,0.0439062
23,30,0.0216473
23,31,0.00969322
23,32,0.00372005
23,33,0.00112256
23,34,0.000248855
23,35,3.87905e-05
23,36,4.09374e-06
23,37,2.77139e-07
23,38,1.08335e-08
23,39,1.85659e-10
23,40,0
23,41,0
23,42,0
23,43,0
23,44,0
23,45,0
23,46,0
23,47,0
23,48,0
23,49,0
24,0,0
24,1,0
24,2,0
24,3,0
24,4,0
24,5,0
24,6,0
24,7,0
24,8,0
24,9,0
24,10,2.47546e-11
24,11,1.54764e-09
24,12,4.34746e-08
24,13,7.27429e-07
24,14,8.10059e-06
24,15,6.34932e-05
24,16,0.000361224
24,17,0.00152175
24,18,0.00486826
24,19,0.0124718
24,20,0.027931
24,21,0.0583088
24,22,0.112714
24,23,0.199413
24,24,0.322192
24,25,0.445541
24,26,0.322192
24,27,0.199413
24,28,0.112714
24,29,0.0583088
24,30,0.027931
24,31,0.0124718
24,32,0.00486826
24,33,0.00152175
24,34,0.000361224
24,35,6.34932e-05
24,36,8.10059e-06
24,37,7.27429e-07
24,38,4.34746e-08
24,39,1.54764e-09
24,40,2.47546e-11
24,41,0
24,42,0
24,43,0
24,44,0
24,45,0
24,46,0
24,47,0
24,48,0
24,49,0
25,0,0
25,1,0
25,2,0
25,3,0
25,4,0
25,5,0
25,6,0
25,7,0
25,8,0
25,9,1.54716e-12
25,10,1.03176e-10
25,11,3.28922e-09
25,12,6.66705e-08
25,13,9.48565e-07
25,14,9.79972e-06
25,15,7.41028e-05
25,16,0.000410884
25,17,0.00168594
25,18,0.00528435
25,19,0.013537
25,20,0.0308147
25,21,0.0651019
25,22,0.128444
25,23,0.240769
25,24,0.445541
25,25,0.882497
25,26,0.445542
25,27,0.240769
25,28,0.128444
25,29,0.0651019
25,30,0.0308147
25,31,0.013537
25,32,0.00528435
25,33,0.00168594
25,34,0.000410884
25,35,7.41028e-05
25,36,9.79972e-06
25,37,9.48565e-07
25,38,6.66705e-08
25,39,3.28922e-09
25,40,1.03176e-10
25,41,1.54716e-12
25,42,0
25,43,0
25,44,0
25,45,0
25,46,0
25,47,0
25,48,0
25,49,0
26,0,0
26,1,0
26,2,0
26,3,0
26,4,0
26,5,0
26,6,0
26,7,0
26,8,0
26,9,0
26,10,2.47546e-11
26,11,1.54764e-09
26,12,4.34746e-08
26,13,7.27429e-07
26,14,8.10059e-06
26,15,6.34932e-05
26,16,0.000361224
26,17,0.00152175
26,18,0.00486826
26,19,0.0124718
26,20,0.027931
26,21,0.0583088
26,22,0.112714
26,23,0.199413
26,24,0.322192
26,25,0.445541
26,26,0.322192
26,27,0.199413
26,28,0.112714
26,29,0.0583088
26,30,0.027931
26,31,0.0124718
26,32,0.00486826
26,33,0.00152175
26,34,0.000361224
26,35,6.34932e-05
26,36,8.10059e-06
26,37,7.27429e-07
26,38,4.34746e-08
26,39,1.54764e-09
26,40,2.47546e-11
26,41,0
26,42,0
26,43,0
26,44,0
26,45,0
26,46,0
26,47,0
26,48,0
26,49,0
27,0,0
27,1,0
27,2,0
27,3,0
27,4,0
27,5,0
27,6,0
27,7,0
27,8,0
27,9,0
27,10,0
27,11,1.85659e-10
27,12,1.08335e-08
27,13,2.77139e-07
27,14,4.09374e-06
27,15,3.87905e-05
27,16,0.000248855
27,17,0.00112256
27,18,0.00372005
27,19,0.00969322
27,20,0.0216473
27,21,0.0439062
27,22,0.0814092
27,23,0.136029
27,24,0.199413
27,25,0.240769
27,26,0.199413
27,27,0.136029
27,28,0.0814092
27,29,0.0439062
27,30,0.0216473
27,31,0.00969322
27,32,0.00372005
27,33,0.00112256
27,34,0.000248855
27,35,3.87905e-05
27,36,4.09374e-06
27,37,2.77139e-07
27,38,1.08335e-08
27,39,1.85659e-10
27,40,0
27,41,0
27,42,0
27,43,0
27,44,0
27,45,0
27,46,0
27,47,0
27,48,0
27,49,0
28,0,0
28,1,0
28,2,0
28,3,0
28,4,0
28,5,0
28,6,0
28,7,0
28,8,0
28,9,0
28,10,0
28,11,0
28,12,8.6641e-10
28,13,4.6945e-08
28,14,1.09816e-06
28,15,1.45409e-05
28,16,0.000120386
28,17,0.000653951
28,18,0.0024195
28,19,0.00649609
28,20,0.0142458
28,21,0.0284279
28,22,0.0512982
28,23,0.0814092
28,24,0.112714
28,25,0.128444
28,26,0.112714
28,27,0.0814092
28,28,0.0512982
28,29,0.0284279
28,30,0.0142458
28,31,0.00649609
28,32,0.0024195
28,33,0.000653951
28,34,0.000120386
28,35,1.45409e-05
28,36,1.09816e-06
28,37,4.6945e-08
28,38,8.6641e-10
28,39,0
28,40,0
28,41,0
28,42,0
28,43,0
28,44,0
28,45,0
28,46,0
28,47,0
28,48,0
28,49,0
29,0,0
29,1,0
29,2,0
29,3,0
29,4,0
29,5,0
29,6,0
29,7,0
29,8,0
29,9,0
29,10,0
29,11,0
29,12,0
29,13,2.81583e-09
29,14,1.40835e-07
29,15,3.00417e-06
29,16,3.57185e-05
29,17,0.000260394
29,18,0.00121627
29,19,0.00378005
29,20,0.00848824
29,21,0.0161169
29,22,0.0284279
29,23,0.0439062
29,24,0.0583088
29,25,0.0651019
29,26,0.0583088
29,27,0.0439062
29,28,0.0284279
29,29,0.0161169
29,30,0.00848824
29,31,0.00378005
29,32,0.00121627
29,33,0.000260394
29,34,3.57185e-05
29,35,3.00417e-06
29,36,1.40835e-07
29,37,2.81583e-09
29,38,0
29,39,0
29,40,0
29,41,0
29,42,0
29,43,0
29,44,0
29,45,0
29,46,0
29,47,0
29,48,0
29,49,0
30,0,0
30,1,0
30,2,0
30,3,0
30,4,0
30,5,0
30,6,0
30,7,0
30,8,0
30,9,0
30,10,0
30,11,0
30,12,0
30,13,0
30,14,6.758e-09
30,15,3.09837e-07
30,16,5.99032e-06
30,17,6.36737e-05
30,18,0.000408267
30,19,0.00164811
30,20,0.00437633
30,21,0.00848824
30,22,0.0142458
30,23,0.0216473
30,24,0.027931
30,25,0.0308147
30,26,0.027931
30,27,0.0216473
30,28,0.0142458
30,29,0.00848824
30,30,0.00437633
30,31,0.00164811
30,32,0.000408267
30,33,6.36737e-05
30,34,5.99032e-06
30,35,3.09837e-07
30,36,6.758e-09
30,37,0
30,38,0
30,39,0
30,40,0
30,41,0
30,42,0
30,43,0
30,44,0
30,45,0
30,46,0
30,47,0
30,48,0
30,49,0
31,0,0
31,1,0
31,2,0
31,3,0
31,4,0
31,5,0
31,6,0
31,7,0
31,8,0
31,9,0
31,10,0
31,11,0
31,12,0
31,13,0
31,14,0
31,15,1.23897e-08
31,16,5.16395e-07
31,17,8.97132e-06
31,18,8.45294e-05
31,19,0.000473327
31,20,0.00164811
31,21,0.00378005
31,22,0.00649609
31,23,0.00969322
31,24,0.0124718
31,25,0.013537
31,26,0.0124718
31,27,0.00969322
31,28,0.00649609
31,29,0.00378005
31,30,0.00164811
31,31,0.000473327
31,32,8.45294e-05
31,33,8.97132e-06
31,34,5.16395e-07
31,35,1.23897e-08
31,36,0
31,37,0
31,38,0
31,39,0
31,40,0
31,41,0
31,42,0
31,43,0
31,44,0
31,45,0
31,46,0
31,47,0
31,48,0
31,49,0
32,0,0
32,1,0
32,2,0
32,3,0
32,4,0
32,5,0
32,6,0
32,7,0
32,8,0
32,9,0
32,10,0
32,11,0
32,12,0
32,13,0
32,14,0
32,15,0
32,16,1.76995e-08
32,17,6.63936e-07
32,18,1.02479e-05
32,19,8.45294e-05
32,20,0.000408267
32,21,0.00121627
32,22,0.0024195
32,23,0.00372005
32,24,0.00486826
32,25,0.00528435
32,26,0.00486826
32,27,0.00372005
32,28,0.0024195
32,29,0.00121627
32,30,0.000408267
32,31,8.45294e-05
32,32,1.02479e-05
32,33,6.63936e-07
32,34,1.76995e-08
32,35,0
32,36,0
32,37,0
32,38,0
32,39,0
32,40,0
32,41,0
32,42,0
32,43,0
32,44,0
32,45,0
32,46,0
32,47,0
32,48,0
32,49,0
33,0,0
33,1,0
33,2,0
33,3,0
33,4,0
33,5,0
33,6,0
33,7,0
33,8,0
33,9,0
33,10,0
33,11,0
33,12,0
33,13,0
33,14,0
33,15,0
33,16,0
33,17,1.9912e-08
33,18,6.63936e-07
33,19,8.97132e-06
33,20,6.36737e-05
33,21,0.000260394
33,22,0.000653951
33,23,0.00112256
33,24,0.00152175
33,25,0.00168594
33,26,0.00152175
33,27,0.00112256
33,28,0.000653951
33,29,0.000260394
33,30,6.36737e-05
33,31,8.97132e-06
33,32,6.63936e-07
33,33,1.9912e-08
33,34,0
33,35,0
33,36,0
33,37,0
33,38,0
33,39,0
33,40,0
33,41,0
33,42,0
33,43,0
33,44,0
33,45,0
33,46,0
33,47,0
33,48,0
33,49,0
34,0,0
34,1,0
34,2,0
34,3,0
34,4,0
34,5,0
34,6,0
34,7,0
34,8,0
34,9,0
34,10,0
34,11,0
34,12,0
34,13,0
34,14,0
34,15,0
34,16,0
34,17,0
34,18,1.76995e-08
34,19,5.16395e-07
34,20,5.99032e-06
34,21,3.57185e-05
34,22,0.000120386
34,23,0.000248855
34,24,0.000361224
34,25,0.000410884
34,26,0.000361224
34,27,0.000248855
34,28,0.000120386
34,29,3.57185e-05
34,30,5.99032e-06
34,31,5.16395e-07
34,32,1.76995e-08
34,33,0
34,34,0
34,35,0
34,36,0
34,37,0
34,38,0
34,39,0
34,40,0
34,41,0
34,42,0
34,43,0
34,44,0
34,45,0
34,46,0
34,47,0
34,48,0
34,49,0
35,0,0
35,1,0
35,2,0
35,3,0
35,4,0
35,5,0
35,6,0
35,7,0
35,8,0
35,9,0
35,10,0
35,11,0
35,12,0
35,13,0
35,14,0
35,15,0
35,16,0
35,17,0
35,18,0
35,19,1.23897e-08
35,20,3.09837e-07
35,21,3.00417e-06
35,22,1.45409e-05
35,23,3.87905e-05
35,24,6.34932e-05
35,25,7.41028e-05
35,26,6.34932e-05
35,27,3.87905e-05
35,28,1.45409e-05
35,29,3.00417e-06
35,30,3.09837e-07
35,31,1.23897e-08
35,32,0
35,33,0
35,34,0
35,35,0
35,36,0
35,37,0
35,38,0
35,39,0
35,40,0
35,41,0
35,42,0
35,43,0
35,44,0
35,45,0
35,46,0
35,47,0
35,48,0
35,49,0
36,0,0
36,1,0
36,2,0
36,3,0
36,4,0
36,5,0
36,6,0
36,7,0
36,8,0
36,9,0
36,10,0
36,11,0
36,12,0
36,13,0
36,14,0
36,15,0
36,16,0
36,17,0
36,18,0
36,19,0
36,20,6.758e-09
36,21,1.40835e-07
36,22,1.09816e-06
36,23,4.09374e-06
36,24,8.10059e-06
36,25,9.79972e-06
36,26,8.10059e-06
36,27,4.09374e-06
36,28,1.09816e-06
36,29,1.40835e-07
36,30,6.758e-09
36,31,0
36,32,0
36,33,0
36,34,0
36,35,0
36,36,0
36,37,0
36,38,0
36,39,0
36,40,0
36,41,0
36,42,0
36,43,0
36,44,0
36,45,0
36,46,0
36,47,0
36,48,0
36,49,0
37,0,0
37,1,0
37,2,0
37,3,0
37,4,0
37,5,0
37,6,0
37,7,0
37,8,0
37,9,0
37,10,0
37,11,0
37,12,0
37,13,0
37,14,0
37,15,0
37,16,0
37,17,0
37,18,0
37,19,0
37,20,0
37,21,2.81583e-09
37,22,4.6945e-08
37,23,2.77139e-07
37,24,7.27429e-07
37,25,9.48565e-07
37,26,7.27429e-07
37,27,2.77139e-07
37,28,4.6945e-08
37,29,2.81583e-09
37,30,0
37,31,0
37,32,0
37,33,0
37,34,0
37,35,0
37,36,0
37,37,0
37,38,0
37,39,0
37,40,0
37,41,0
37,42,0
37,43,0
37,44,0
37,45,0
37,46,0
37,47,0
37,48,0
37,49,0
38,0,0
38,1,0
38,2,0
38,3,0
38,4,0
38,5,0
38,6,0
38,7,0
38,8,0
38,9,0
38,10,0
38,11,0
38,12,0
38,13,0
38,14,0
38,15,0
38,16,0
38,17,0
38,18,0
38,19,0
38,20,0
38,21,0
38,22,8.6641e-10
38,23,1.08335e-08
38,24,4.34746e-08
38,25,6.66705e-08
38,26,4.34746e-08
38,27,1.08335e-08
38,28,8.6641e-10
38,29,0
38,30,0
38,31,0
38,32,0
38,33,0
38,34,0
38,35,0
38,36,0
38,37,0
38,38,0
38,39,0
38,40,0
38,41,0
38,42,0
38,43,0
38,44,0
38,45,0
38,46,0
38,47,0
38,48,0
38,49,0
39,0,0
39,1,0
39,2,0
39,3,0
39,4,0
39,5,0
39,6,0
39,7,0
39,8,0
39,9,0
39,10,0
39,11,0
39,12,0
39,13,0
39,14,0
39,15,0
39,16,0
39,17,0
39,18,0
39,19,0
39,20,0
39,21,0
39,22,0
39,23,1.85659e-10
39,24,1.54764e-09
39,25,3.28922e-09
39,26,1.54764e-09
39,27,1.85659e-10
39,28,0
39,29,0
39,30,0
39,31,0
39,32,0
39,33,0
39,34,0
39,35,0
39,36,0
39,37,0
39,38,0
39,39,0
39,40,0
39,41,0
39,42,0
39,43,0
39,44,0
39,45,0
39,46,0
39,47,0
39,48,0
39,49,0
40,0,0
40,1,0
40,2,0
40,3,0
40,4,0
40,5,0
40,6,0
40,7,0
40,8,0
40,9,0
40,10,0
40,11,0
40,12,0
40,13,0
40,14,0
40,15,0
40,16,0
40,17,0
40,18,0
40,19,0
40,20,0
40,21,0
40,22,0
40,23,0
40,24,2.47546e-11
40,25,1.03176e-10
40,26,2.47546e-11
40,27,0
40,28,0
40,29,0
40,30,0
40,31,0
40,32,0
40,33,0
40,34,0
40,35,0
40,36,0
40,37,0
40,38,0
40,39,0
40,40,0
40,41,0
40,42,0
40,43,0
40,44,0
40,45,0
40,46,0
40,47,0
40,48,0
40,49,0
41,0,0
41,1,0
41,2,0
41,3,0
41,4,0
41,5,0
41,6,0
41,7,0
41,8,0
41,9,0
41,10,0
41,11,0
41,12,0
41,13,0
41,14,0
41,15,0
41,16,0
41,17,0
41,18,0
41,19,0
41,20,0
41,21,0
41,22,0
41,23,0
41,24,0
41,25,1.54716e-12
41,26,0
41,27,0
41,28,0
41,29,0
41,30,0
41,31,0
41,32,0
41,33,0
41,34,0
41,35,0
41,36,0
41,37,0
41,38,0
41,39,0
41,40,0
41,41,0
41,42,0
41,43,0
41,44,0
41,45,0
41,46,0
41,47,0
41,48,0
41,49,0
42,0,0
42,1,0
42,2,0
42,3,0
42,4,0
42,5,0
42,6,0
42,7,0
42,8,0
42,9,0
42,10,0
42,11,0
42,12,0
42,13,0
42,14,0
42,15,0
42,16,0
42,17,0
42,18,0
42,19,0
42,20,0
42,21,0
42,22,0
42,23,0
42,24,0
42,25,0
42,26,0
42,27,0
42,28,0
42,29,0
42,30,0
42,31,0
42,32,0
42,33,0
42,34,0
42,35,0
42,36,0
42,37,0
42,38,0
42,39,0
42,40,0
42,41,0
42,42,0
42,43,0
42,44,0
42,45,0
42,46,0
42,47,0
42,48,0
42,49,0
43,0,0
43,1,0
43,2,0
43,3,0
43,4,0
43,5,0
43,6,0
43,7,0
43,8,0
43,9,0
43,10,0
43,11,0
43,12,0
43,13,0
43,14,0
43,15,0
43,16,0
43,17,0
43,18,0
43,19,0
43,20,0
43,21,0
43,22,0
43,23,0
43,24,0
43,25,0
43,26,0
43,27,0
43,28,0
43,29,0
43,30,0
43,31,0
43,32,0
43,33,0
43,34,0
43,35,0
43,36,0
43,37,0
43,38,0
43,39,0
43,40,0
43,41,0
43,42,0
43,43,0
43,44,0
43,45,0
43,46,0
43,47,0
43,48,0
43,49,0
44,0,0
44,1,0
44,2,0
44,3,0
44,4,0
44,5,0
44,6,0
44,7,0
44,8,0
44,9,0
44,10,0
44,11,0
44,12,0
44,13,0
44,14,0
44,15,0
44,16,0
44,17,0
44,18,0
44,19,0
44,20,0
44,21,0
44,22,0
44,23,0
44,24,0
44,25,0
44,26,0
44,27,0
44,28,0
44,29,0
44,30,0
44,31,0
44,32,0
44,33,0
44,34,0
44,35,0
44,36,0
44,37,0
44,38,0
44,39,0
44,40,0
44,41,0
44,42,0
44,43,0
44,44,0
44,45,0
44,46,0
44,47,0
44,48,0
44,49,0
45,0,0
45,1,0
45,2,0
45,3,0
45,4,0
45,5,0
45,6,0
45,7,0
45,8,0
45,9,0
45,10,0
45,11,0
45,12,0
45,13,0
45,14,0
45,15,0
45,16,0
45,17,0
45,18,0
45,19,0
45,20,0
45,21,0
45,22,0
45,23,0
45,24,0
45,25,0
45,26,0
45,27,0
45,28,0
45,29,0
45,30,0
45,31,0
45,32,0
45,33,0
45,34,0
45,35,0
45,36,0
45,37,0
45,38,0
45,39,0
45,40,0
45,41,0
45,42,0
45,43,0
45,44,0
45,45,0
45,46,0
45,47,0
45,48,0
45,49,0
46,0,0
46,1,0
46,2,0
46,3,0
46,4,0
46,5,0
46,6,0
46,7,0
46,8,0
46,9,0
46,10,0
46,11,0
46,12,0
46,13,0
46,14,0
46,15,0
46,16,0
46,17,0
46,18,0
46,19,0
46,20,0
46,21,0
46,22,0
46,23,0
46,24,0
46,25,0
46,26,0
46,27,0
46,28,0
46,29,0
46,30,0
46,31,0
46,32,0
46,33,0
46,34,0
46,35,0
46,36,0
46,37,0
46,38,0
46,39,0
46,40,0
46,41,0
46,42,0
46,43,0
46,44,0
46,45,0
46,46,0
46,47,0
46,48,0
46,49,0
47,0,0
47,1,0
47,2,0
47,3,0
47,4,0
47,5,0
47,6,0
47,7,0
47,8,0
47,9,0
47,10,0
47,11,0
47,12,0
47,13,0
47,14,0
47,15,0
47,16,0
47,17,0
47,18,0
47,19,0
47,20,0
47,21,0
47,22,0
47,23,0
47,24,0
47,25,0
47,26,0
47,27,0
47,28,0
47,29,0
47,30,0
47,31,0
47,32,0
47,33,0
47,34,0
47,35,0
47,36,0
47,37,0
47,38,0
47,39,0
47,40,0
47,41,0
47,42,0
47,43,0
47,44,0
47,45,0
47,46,0
47,47,0
47,48,0
47,49,0
48,0,0
48,1,0
48,2,0
48,3,0
48,4,0
48,5,0
48,6,0
48,7,0
48,8,0
48,9,0
48,10,0
48,11,0
48,12,0
48,13,0
48,14,0
48,15,0
48,16,0
48,17,0
48,18,0
48,19,0
48,20,0
48,21,0
48,22,0
48,23,0
48,24,0
48,25,0
48,26,0
48,27,0
48,28,0
48,29,0
48,30,0
48,31,0
48,32,0
48,33,0
48,34,0
48,35,0
48,36,0
48,37,0
48,38,0
48,39,0
48,40,0
48,41,0
48,42,0
48,43,0
48,44,0
48,45,0
48,46,0
48,47,0
48,48,0
48,49,0
49,0,0
49,1,0
49,2,0
49,3,0
49,4,0
49,5,0
49,6,0
49,7,0
49,8,0
49,9,0
49,10,0
49,11,0
49,12,0
49,13,0
49,14,0
49,15,0
49,16,0
49,17,0
49,18,0
49,19,0
49,20,0
49,21,0
49,22,0
49,23,0
49,24,0
49,25,0
49,26,0
49,27,0
49,28,0
49,29,0
49,30,0
49,31,0
49,32,0
49,33,0
49,34,0
49,35,0
49,36,0
49,37,0
49,38,0
49,39,0
49,40,0
49,41,0
49,42,0
49,43,0
49,44,0
49,45,0
49,46,0
49,47,0
49,48,0
49,49,0
