0,0,0
0,1,0
0,2,0
0,3,0
0,4,0
0,5,0
0,6,0
0,7,0
0,8,0
0,9,0
0,10,0
0,11,0
0,12,0
0,13,0
0,14,0
0,15,0
0,16,0
0,17,0
0,18,0
0,19,0
0,20,0
0,21,0
0,22,0
0,23,0
0,24,0
0,25,0
0,26,0
0,27,0
0,28,0
0,29,0
0,30,0
0,31,0
0,32,0
0,33,0
0,34,0
0,35,0
0,36,0
0,37,0
0,38,0
0,39,0
0,40,0
0,41,0
0,42,0
0,43,0
0,44,0
0,45,0
0,46,0
0,47,0
0,48,0
0,49,0
1,0,0
1,1,0
1,2,0
1,3,1.05885e-17
1,4,9.45394e-16
1,5,3.90656e-14
1,6,9.91905e-13
1,7,1.73309e-11
1,8,2.21206e-10
1,9,2.13795e-09
1,10,1.60166e-08
1,11,9.45393e-08
1,12,4.45281e-07
1,13,1.69316e-06
1,14,5.26568e-06
1,15,1.36155e-05
1,16,2.98829e-05
1,17,5.69923e-05
1,18,9.66124e-05
1,19,0.000148301
1,20,0.00020907
1,21,0.000273577
1,22,0.000334857
1,23,0.000385483
1,24,0.000418885
1,25,0.000430552
1,26,0.000418885
1,27,0.000385483
1,28,0.000334857
1,29,0.000273576
1,30,0.00020907
1,31,0.000148301
1,32,9.66124e-05
1,33,5.69923e-05
1,34,2.98829e-05
1,35,1.36155e-05
1,36,5.26568e-06
1,37,1.69316e-06
1,38,4.45281e-07
1,39,9.45393e-08
1,40,1.60166e-08
1,41,2.13795e-09
1,42,2.21206e-10
1,43,1.73309e-11
1,44,9.91905e-13
1,45,3.90656e-14
1,46,9.45394e-16
1,47,1.05885e-17
1,48,0
1,49,0
2,0,0
2,1,0
2,2,1.10488e-17
2,3,1.03134e-15
2,4,4.46522e-14
2,5,1.19068e-12
2,6,2.19024e-11
2,7,2.95069e-10
2,8,3.01784e-09
2,9,2.39832e-08
2,10,1.50488e-07
2,11,7.54553e-07
2,12,3.05496e-06
2,13,1.00998e-05
2,14,2.76554e-05
2,15,6.39064e-05
2,16,0.000127514
2,17,0.000225021
2,18,0.000358569
2,19,0.00052423
2,20,0.000711593
2,21,0.00090473
2,22,0.00108424
2,23,0.00123029
2,24,0.00132569
2,25,0.00135886
2,26,0.00132569
2,27,0.00123029
2,28,0.00108424
2,29,0.000904729
2,30,0.000711593
2,31,0.00052423
2,32,0.000358569
2,33,0.000225021
2,34,0.000127514
2,35,6.39064e-05
2,36,2.76554e-05
2,37,1.00998e-05
2,38,3.05496e-06
2,39,7.54553e-07
2,40,1.50488e-07
2,41,2.39832e-08
2,42,3.01784e-09
2,43,2.95069e-10
2,44,2.19024e-11
2,45,1.19068e-12
2,46,4.46522e-14
2,47,1.03134e-15
2,48,1.10488e-17
2,49,0
3,0,0
3,1,1.05885e-17
3,2,1.03134e-15
3,3,4.66809e-14
3,4,1.30389e-12
3,5,2.51755e-11
3,6,3.56741e-10
3,7,3.84552e-09
3,8,3.22708e-08
3,9,2.14142e-07
3,10,1.1364e-06
3,11,4.86765e-06
3,12,1.69891e-05
3,13,4.88951e-05
3,14,0.000117982
3,15,0.000244002
3,16,0.000443586
3,17,0.000725843
3,18,0.00108884
3,19,0.00151752
3,20,0.00198436
3,21,0.0024518
3,22,0.00287695
3,23,0.00321752
3,24,0.00343779
3,25,0.00351401
3,26,0.00343779
3,27,0.00321752
3,28,0.00287695
3,29,0.0024518
3,30,0.00198436
3,31,0.00151752
3,32,0.00108884
3,33,0.000725843
3,34,0.000443586
3,35,0.000244002
3,36,0.000117982
3,37,4.88951e-05
3,38,1.69891e-05
3,39,4.86765e-06
3,40,1.1364e-06
3,41,2.14142e-07
3,42,3.22708e-08
3,43,3.84552e-09
3,44,3.56741e-10
3,45,2.51755e-11
3,46,1.30389e-12
3,47,4.66808e-14
3,48,1.03134e-15
3,49,5.52442e-18
4,0,0
4,1,9.45394e-16
4,2,4.46522e-14
4,3,1.30389e-12
4,4,2.63701e-11
4,5,3.92171e-10
4,6,4.44545e-09
4,7,3.93011e-08
4,8,2.75166e-07
4,9,1.54216e-06
4,10,6.97564e-06
4,11,2.5666e-05
4,12,7.75638e-05
4,13,0.000195258
4,14,0.000417892
4,15,0.000780323
4,16,0.00130562
4,17,0.00200019
4,18,0.00284826
4,19,0.00381073
4,20,0.00482728
4,21,0.0058212
4,22,0.00670932
4,23,0.00741151
4,24,0.00786192
4,25,0.00801707
4,26,0.00786192
4,27,0.00741151
4,28,0.00670932
4,29,0.0058212
4,30,0.00482727
4,31,0.00381073
4,32,0.00284826
4,33,0.00200019
4,34,0.00130562
4,35,0.000780323
4,36,0.000417892
4,37,0.000195258
4,38,7.75637e-05
4,39,2.5666e-05
4,40,6.97564e-06
4,41,1.54216e-06
4,42,2.75166e-07
4,43,3.93011e-08
4,44,4.44545e-09
4,45,3.92172e-10
4,46,2.63701e-11
4,47,1.30389e-12
4,48,4.46479e-14
4,49,5.12313e-16
5,0,0
5,1,3.90656e-14
5,2,1.19068e-12
5,3,2.51755e-11
5,4,3.92172e-10
5,5,4.66521e-09
5,6,4.33614e-08
5,7,3.19686e-07
5,8,1.88874e-06
5,9,9.00851e-06
5,10,3.49097e-05
5,11,0.00011075
5,12,0.000290946
5,13,0.00064447
5,14,0.00123492
5,15,0.00210824
5,16,0.00328997
5,17,0.00477537
5,18,0.00652069
5,19,0.00844453
5,20,0.0104292
5,21,0.0123338
5,22,0.0140109
5,23,0.0153221
5,24,0.0161572
5,25,0.0164436
5,26,0.0161572
5,27,0.0153221
5,28,0.0140109
5,29,0.0123338
5,30,0.0104292
5,31,0.00844453
5,32,0.00652069
5,33,0.00477537
5,34,0.00328997
5,35,0.00210824
5,36,0.00123492
5,37,0.00064447
5,38,0.000290946
5,39,0.00011075
5,40,3.49097e-05
5,41,9.00851e-06
5,42,1.88874e-06
5,43,3.19686e-07
5,44,4.33614e-08
5,45,4.66521e-09
5,46,3.92172e-10
5,47,2.51755e-11
5,48,1.19033e-12
5,49,2.20383e-14
6,0,0
6,1,9.91905e-13
6,2,2.19024e-11
6,3,3.56741e-10
6,4,4.44545e-09
6,5,4.33613e-08
6,6,3.36046e-07
6,7,2.08972e-06
6,8,1.04973e-05
6,9,4.28184e-05
6,10,0.000142631
6,11,0.000391432
6,12,0.000898672
6,13,0.00176856
6,14,0.00307929
6,15,0.00489042
6,16,0.00723258
6,17,0.010077
6,18,0.0133316
6,19,0.016839
6,20,0.0203846
6,21,0.0237299
6,22,0.0266315
6,23,0.0288754
6,24,0.0302925
6,25,0.0307771
6,26,0.0302925
6,27,0.0288754
6,28,0.0266315
6,29,0.0237299
6,30,0.0203846
6,31,0.016839
6,32,0.0133316
6,33,0.010077
6,34,0.00723258
6,35,0.00489042
6,36,0.00307929
6,37,0.00176856
6,38,0.000898672
6,39,0.000391432
6,40,0.000142631
6,41,4.28184e-05
6,42,1.04973e-05
6,43,2.08972e-06
6,44,3.36046e-07
6,45,4.33614e-08
6,46,4.44545e-09
6,47,3.56741e-10
6,48,2.18895e-11
6,49,5.84025e-13
7,0,0
7,1,1.73309e-11
7,2,2.95069e-10
7,3,3.84552e-09
7,4,3.93011e-08
7,5,3.19686e-07
7,6,2.08972e-06
7,7,1.10455e-05
7,8,4.7409e-05
7,9,0.000165917
7,10,0.000476487
7,11,0.00113681
7,12,0.00230367
7,13,0.00409712
7,14,0.00662723
7,15,0.00999948
7,16,0.0142394
7,17,0.0192606
7,18,0.0248748
7,19,0.0307789
7,20,0.0366145
7,21,0.0420067
7,22,0.0465989
7,23,0.050102
7,24,0.0522902
7,25,0.0530368
7,26,0.0522902
7,27,0.050102
7,28,0.0465989
7,29,0.0420067
7,30,0.0366145
7,31,0.0307789
7,32,0.0248748
7,33,0.0192606
7,34,0.0142394
7,35,0.00999948
7,36,0.00662723
7,37,0.00409712
7,38,0.00230367
7,39,0.00113681
7,40,0.000476487
7,41,0.000165917
7,42,4.7409e-05
7,43,1.10455e-05
7,44,2.08972e-06
7,45,3.19686e-07
7,46,3.93011e-08
7,47,3.84551e-09
7,48,2.94778e-10
7,49,1.0681e-11
8,0,0
8,1,2.21206e-10
8,2,3.01784e-09
8,3,3.22708e-08
8,4,2.75166e-07
8,5,1.88874e-06
8,6,1.04973e-05
8,7,4.7409e-05
8,8,0.000174479
8,9,0.000525531
8,10,0.0013077
8,11,0.00274066
8,12,0.00499757
8,13,0.0082539
8,14,0.0127377
8,15,0.0185924
8,16,0.0257548
8,17,0.0340065
8,18,0.04295
8,19,0.0520583
8,20,0.060805
8,21,0.0686597
8,22,0.075203
8,23,0.0800971
8,24,0.0831196
8,25,0.0841414
8,26,0.0831196
8,27,0.0800971
8,28,0.075203
8,29,0.0686597
8,30,0.060805
8,31,0.0520583
8,32,0.04295
8,33,0.0340065
8,34,0.0257548
8,35,0.0185924
8,36,0.0127377
8,37,0.0082539
8,38,0.00499757
8,39,0.00274066
8,40,0.0013077
8,41,0.000525531
8,42,0.000174479
8,43,4.7409e-05
8,44,1.04973e-05
8,45,1.88874e-06
8,46,2.75166e-07
8,47,3.22706e-08
8,48,3.01337e-09
8,49,1.43158e-10
9,0,0
9,1,2.13795e-09
9,2,2.39832e-08
9,3,2.14142e-07
9,4,1.54216e-06
9,5,9.00851e-06
9,6,4.28184e-05
9,7,0.000165917
9,8,0.000525531
9,9,0.00136996
9,10,0.00298697
9,11,0.00561736
9,12,0.00951329
9,13,0.0150623
9,14,0.0226049
9,15,0.0321285
9,16,0.0433549
9,17,0.0558006
9,18,0.0687149
9,19,0.0813678
9,20,0.0930594
9,21,0.103198
9,22,0.11141
9,23,0.117393
9,24,0.121044
9,25,0.122253
9,26,0.121044
9,27,0.117393
9,28,0.11141
9,29,0.103198
9,30,0.0930594
9,31,0.0813678
9,32,0.0687149
9,33,0.0558006
9,34,0.0433549
9,35,0.0321285
9,36,0.0226049
9,37,0.0150623
9,38,0.00951329
9,39,0.00561736
9,40,0.00298697
9,41,0.00136996
9,42,0.000525531
9,43,0.000165917
9,44,4.28184e-05
9,45,9.00851e-06
9,46,1.54216e-06
9,47,2.14139e-07
9,48,2.3934e-08
9,49,1.45818e-09
10,0,0
10,1,1.60166e-08
10,2,1.50488e-07
10,3,1.1364e-06
10,4,6.97564e-06
10,5,3.49097e-05
10,6,0.000142631
10,7,0.000476487
10,8,0.0013077
10,9,0.00298697
10,10,0.00583826
10,11,0.0101993
10,12,0.0166221
10,13,0.0257094
10,14,0.0375612
10,15,0.0517924
10,16,0.0678385
10,17,0.0847265
10,18,0.101389
10,19,0.116977
10,20,0.130663
10,21,0.142064
10,22,0.150906
10,23,0.157164
10,24,0.160883
10,25,0.162106
10,26,0.160883
10,27,0.157164
10,28,0.150906
10,29,0.142064
10,30,0.130663
10,31,0.116977
10,32,0.101389
10,33,0.0847265
10,34,0.0678385
10,35,0.0517924
10,36,0.0375612
10,37,0.0257094
10,38,0.0166221
10,39,0.0101993
10,40,0.00583826
10,41,0.00298697
10,42,0.0013077
10,43,0.000476487
10,44,0.000142631
10,45,3.49097e-05
10,46,6.97564e-06
10,47,1.13637e-06
10,48,1.50089e-07
10,49,1.15582e-08
11,0,0
11,1,9.45393e-08
11,2,7.54553e-07
11,3,4.86765e-06
11,4,2.5666e-05
11,5,0.00011075
11,6,0.000391432
11,7,0.00113681
11,8,0.00274066
11,9,0.00561736
11,10,0.0101993
11,11,0.0171715
11,12,0.0274095
11,13,0.0412362
11,14,0.0581726
11,15,0.0775444
11,16,0.0982451
11,17,0.118709
11,18,0.137823
11,19,0.154552
11,20,0.16832
11,21,0.179109
11,22,0.186912
11,23,0.192219
11,24,0.195173
11,25,0.196187
11,26,0.195173
11,27,0.192219
11,28,0.186912
11,29,0.179109
11,30,0.16832
11,31,0.154552
11,32,0.137823
11,33,0.118709
11,34,0.0982451
11,35,0.0775444
11,36,0.0581726
11,37,0.0412362
11,38,0.0274095
11,39,0.0171715
11,40,0.0101993
11,41,0.00561736
11,42,0.00274066
11,43,0.00113681
11,44,0.000391432
11,45,0.00011075
11,46,2.56659e-05
11,47,4.86744e-06
11,48,7.52131e-07
11,49,7.24886e-08
12,0,0
12,1,4.45281e-07
12,2,3.05496e-06
12,3,1.69891e-05
12,4,7.75637e-05
12,5,0.000290946
12,6,0.000898672
12,7,0.00230367
12,8,0.00499757
12,9,0.00951329
12,10,0.0166221
12,11,0.0274095
12,12,0.0425379
12,13,0.0615997
12,14,0.0837717
12,15,0.107894
12,16,0.131872
12,17,0.153988
12,18,0.173076
12,19,0.188138
12,20,0.199424
12,21,0.207135
12,22,0.212087
12,23,0.214992
12,24,0.216426
12,25,0.216897
12,26,0.216426
12,27,0.214992
12,28,0.212087
12,29,0.207135
12,30,0.199424
12,31,0.188138
12,32,0.173076
12,33,0.153988
12,34,0.131872
12,35,0.107894
12,36,0.0837717
12,37,0.0615997
12,38,0.0425379
12,39,0.0274095
12,40,0.0166221
12,41,0.00951329
12,42,0.00499757
12,43,0.00230367
12,44,0.000898672
12,45,0.000290946
12,46,7.75636e-05
12,47,1.69879e-05
12,48,3.04399e-06
12,49,3.64308e-07
13,0,0
13,1,1.69316e-06
13,2,1.00998e-05
13,3,4.88951e-05
13,4,0.000195258
13,5,0.00064447
13,6,0.00176856
13,7,0.00409712
13,8,0.0082539
13,9,0.0150623
13,10,0.0257094
13,11,0.0412361
13,12,0.0615997
13,13,0.0859061
13,14,0.112884
13,15,0.140074
13,16,0.164825
13,17,0.185666
13,18,0.201244
13,19,0.211639
13,20,0.217714
13,21,0.220265
13,22,0.220958
13,23,0.220421
13,24,0.219939
13,25,0.219581
13,26,0.219939
13,27,0.220421
13,28,0.220958
13,29,0.220265
13,30,0.217714
13,31,0.211639
13,32,0.201244
13,33,0.185666
13,34,0.164825
13,35,0.140074
13,36,0.112884
13,37,0.0859061
13,38,0.0615997
13,39,0.0412362
13,40,0.0257094
13,41,0.0150623
13,42,0.0082539
13,43,0.00409712
13,44,0.00176856
13,45,0.00064447
13,46,0.000195258
13,47,4.88903e-05
13,48,1.00636e-05
13,49,1.48375e-06
14,0,0
14,1,5.26568e-06
14,2,2.76554e-05
14,3,0.000117982
14,4,0.000417892
14,5,0.00123492
14,6,0.00307929
14,7,0.00662723
14,8,0.0127377
14,9,0.0226049
14,10,0.0375612
14,11,0.0581726
14,12,0.0837717
14,13,0.112884
14,14,0.142864
14,15,0.170223
14,16,0.19266
14,17,0.208616
14,18,0.217601
14,19,0.221077
14,20,0.220126
14,21,0.216868
14,22,0.212713
14,23,0.208876
14,24,0.206344
14,25,0.205356
14,26,0.206344
14,27,0.208876
14,28,0.212713
14,29,0.216868
14,30,0.220126
14,31,0.221077
14,32,0.217601
14,33,0.208616
14,34,0.19266
14,35,0.170223
14,36,0.142864
14,37,0.112884
14,38,0.0837717
14,39,0.0581726
14,40,0.0375612
14,41,0.0226049
14,42,0.0127377
14,43,0.00662723
14,44,0.00307929
14,45,0.00123492
14,46,0.00041789
14,47,0.000117968
14,48,2.7575e-05
14,49,4.95535e-06
15,0,0
15,1,1.36155e-05
15,2,6.39064e-05
15,3,0.000244002
15,4,0.000780323
15,5,0.00210824
15,6,0.00489042
15,7,0.00999948
15,8,0.0185924
15,9,0.0321285
15,10,0.0517924
15,11,0.0775444
15,12,0.107894
15,13,0.140074
15,14,0.170223
15,15,0.194849
15,16,0.21175
15,17,0.21996
15,18,0.220824
15,19,0.216268
15,20,0.208455
15,21,0.199878
15,22,0.191654
15,23,0.185391
15,24,0.181222
15,25,0.179955
15,26,0.181222
15,27,0.185391
15,28,0.191654
15,29,0.199878
15,30,0.208455
15,31,0.216268
15,32,0.220824
15,33,0.21996
15,34,0.21175
15,35,0.194849
15,36,0.170223
15,37,0.140074
15,38,0.107894
15,39,0.0775444
15,40,0.0517924
15,41,0.0321285
15,42,0.0185924
15,43,0.00999948
15,44,0.00489042
15,45,0.00210824
15,46,0.000780318
15,47,0.000243977
15,48,6.38271e-05
15,49,1.37647e-05
16,0,0
16,1,2.98829e-05
16,2,0.000127514
16,3,0.000443586
16,4,0.00130562
16,5,0.00328997
16,6,0.00723258
16,7,0.0142394
16,8,0.0257548
16,9,0.0433549
16,10,0.0678385
16,11,0.0982451
16,12,0.131872
16,13,0.164825
16,14,0.19266
16,15,0.21175
16,16,0.220561
16,17,0.219959
16,18,0.212327
16,19,0.200461
16,20,0.187347
16,21,0.174866
16,22,0.164424
16,23,0.156713
16,24,0.151976
16,25,0.150435
16,26,0.151976
16,27,0.156713
16,28,0.164424
16,29,0.174866
16,30,0.187346
16,31,0.200461
16,32,0.212327
16,33,0.219959
16,34,0.220561
16,35,0.21175
16,36,0.19266
16,37,0.164825
16,38,0.131872
16,39,0.0982451
16,40,0.0678385
16,41,0.0433549
16,42,0.0257548
16,43,0.0142394
16,44,0.00723258
16,45,0.00328997
16,46,0.00130561
16,47,0.00044358
16,48,0.000127722
16,49,3.23648e-05
17,0,0
17,1,5.69923e-05
17,2,0.000225021
17,3,0.000725843
17,4,0.00200019
17,5,0.00477537
17,6,0.010077
17,7,0.0192606
17,8,0.0340065
17,9,0.0558006
17,10,0.0847265
17,11,0.118709
17,12,0.153988
17,13,0.185666
17,14,0.208616
17,15,0.21996
17,16,0.219959
17,17,0.210697
17,18,0.195755
17,19,0.178798
17,20,0.162384
17,21,0.148303
17,22,0.137196
17,23,0.129373
17,24,0.124717
17,25,0.123198
17,26,0.124717
17,27,0.129373
17,28,0.137196
17,29,0.148303
17,30,0.162384
17,31,0.178798
17,32,0.195755
17,33,0.210697
17,34,0.219959
17,35,0.21996
17,36,0.208616
17,37,0.185666
17,38,0.153988
17,39,0.118709
17,40,0.0847265
17,41,0.0558006
17,42,0.0340065
17,43,0.0192606
17,44,0.010077
17,45,0.00477537
17,46,0.00200019
17,47,0.000725976
17,48,0.000226294
17,49,6.57402e-05
18,0,0
18,1,9.66124e-05
18,2,0.000358569
18,3,0.00108884
18,4,0.00284826
18,5,0.00652069
18,6,0.0133316
18,7,0.0248748
18,8,0.04295
18,9,0.0687149
18,10,0.101389
18,11,0.137823
18,12,0.173076
18,13,0.201244
18,14,0.217601
18,15,0.220824
18,16,0.212327
18,17,0.195755
18,18,0.17587
18,19,0.155966
18,20,0.138555
18,21,0.124489
18,22,0.113945
18,23,0.1068
18,24,0.102572
18,25,0.101271
18,26,0.102572
18,27,0.1068
18,28,0.113945
18,29,0.124489
18,30,0.138555
18,31,0.155966
18,32,0.17587
18,33,0.195755
18,34,0.212327
18,35,0.220824
18,36,0.217601
18,37,0.201244
18,38,0.173076
18,39,0.137823
18,40,0.101389
18,41,0.0687149
18,42,0.04295
18,43,0.0248748
18,44,0.0133316
18,45,0.0065207
18,46,0.00284832
18,47,0.00108939
18,48,0.000362348
18,49,0.000117766
19,0,0
19,1,0.000148301
19,2,0.00052423
19,3,0.00151752
19,4,0.00381073
19,5,0.00844453
19,6,0.016839
19,7,0.0307789
19,8,0.0520583
19,9,0.0813678
19,10,0.116977
19,11,0.154552
19,12,0.188137
19,13,0.211639
19,14,0.221077
19,15,0.216268
19,16,0.200461
19,17,0.178798
19,18,0.155966
19,19,0.135264
19,20,0.118315
19,21,0.105235
19,22,0.095922
19,23,0.0895663
19,24,0.0860128
19,25,0.0847715
19,26,0.0860128
19,27,0.0895663
19,28,0.0959219
19,29,0.105235
19,30,0.118315
19,31,0.135264
19,32,0.155966
19,33,0.178798
19,34,0.200461
19,35,0.216268
19,36,0.221077
19,37,0.211639
19,38,0.188138
19,39,0.154552
19,40,0.116977
19,41,0.0813678
19,42,0.0520583
19,43,0.0307789
19,44,0.016839
19,45,0.00844456
19,46,0.00381093
19,47,0.00151894
19,48,0.000532535
19,49,0.000189456
20,0,0
20,1,0.00020907
20,2,0.000711593
20,3,0.00198436
20,4,0.00482728
20,5,0.0104292
20,6,0.0203846
20,7,0.0366145
20,8,0.060805
20,9,0.0930594
20,10,0.130663
20,11,0.16832
20,12,0.199424
20,13,0.217714
20,14,0.220126
20,15,0.208455
20,16,0.187346
20,17,0.162384
20,18,0.138555
20,19,0.118315
20,20,0.102521
20,21,0.0908984
20,22,0.0826075
20,23,0.0770724
20,24,0.0738033
20,25,0.0727406
20,26,0.0738032
20,27,0.0770724
20,28,0.0826075
20,29,0.0908983
20,30,0.102521
20,31,0.118315
20,32,0.138555
20,33,0.162384
20,34,0.187347
20,35,0.208455
20,36,0.220126
20,37,0.217714
20,38,0.199424
20,39,0.16832
20,40,0.130663
20,41,0.0930594
20,42,0.060805
20,43,0.0366145
20,44,0.0203846
20,45,0.0104292
20,46,0.00482773
20,47,0.00198719
20,48,0.000726633
20,49,0.000277674
21,0,0
21,1,0.000273577
21,2,0.00090473
21,3,0.0024518
21,4,0.0058212
21,5,0.0123338
21,6,0.0237299
21,7,0.0420067
21,8,0.0686597
21,9,0.103198
21,10,0.142064
21,11,0.179109
21,12,0.207135
21,13,0.220265
21,14,0.216868
21,15,0.199878
21,16,0.174866
21,17,0.148303
21,18,0.124488
21,19,0.105235
21,20,0.0908983
21,21,0.080343
21,22,0.0728786
21,23,0.0675555
21,24,0.0643538
21,25,0.0631455
21,26,0.0643537
21,27,0.0675555
21,28,0.0728787
21,29,0.0803429
21,30,0.0908984
21,31,0.105235
21,32,0.124489
21,33,0.148303
21,34,0.174866
21,35,0.199878
21,36,0.216868
21,37,0.220265
21,38,0.207135
21,39,0.179109
21,40,0.142064
21,41,0.103198
21,42,0.0686597
21,43,0.0420067
21,44,0.0237299
21,45,0.0123339
21,46,0.00582202
21,47,0.00245653
21,48,0.000928273
21,49,0.000374843
22,0,0
22,1,0.000334857
22,2,0.00108424
22,3,0.00287695
22,4,0.00670932
22,5,0.0140109
22,6,0.0266315
22,7,0.0465989
22,8,0.075203
22,9,0.11141
22,10,0.150906
22,11,0.186912
22,12,0.212087
22,13,0.220958
22,14,0.212713
22,15,0.191654
22,16,0.164424
22,17,0.137195
22,18,0.113945
22,19,0.0959219
22,20,0.0826076
22,21,0.0728788
22,22,0.0655577
22,23,0.0600226
22,24,0.056163
22,25,0.0545588
22,26,0.0561631
22,27,0.0600226
22,28,0.0655577
22,29,0.0728786
22,30,0.0826076
22,31,0.0959219
22,32,0.113945
22,33,0.137196
22,34,0.164424
22,35,0.191654
22,36,0.212713
22,37,0.220958
22,38,0.212087
22,39,0.186912
22,40,0.150906
22,41,0.11141
22,42,0.075203
22,43,0.0465989
22,44,0.0266315
22,45,0.0140111
22,46,0.00671058
22,47,0.00288384
22,48,0.00111696
22,49,0.000469865
23,0,0
23,1,0.000385483
23,2,0.00123029
23,3,0.00321752
23,4,0.00741151
23,5,0.0153221
23,6,0.0288754
23,7,0.050102
23,8,0.0800971
23,9,0.117393
23,10,0.157164
23,11,0.192219
23,12,0.214992
23,13,0.220421
23,14,0.208876
23,15,0.185391
23,16,0.156713
23,17,0.129373
23,18,0.1068
23,19,0.0895663
23,20,0.0770724
23,21,0.0675556
23,22,0.0600225
23,23,0.0534635
23,24,0.0479625
23,25,0.0448467
23,26,0.0479624
23,27,0.0534634
23,28,0.0600226
23,29,0.0675555
23,30,0.0770725
23,31,0.0895664
23,32,0.1068
23,33,0.129373
23,34,0.156713
23,35,0.185391
23,36,0.208876
23,37,0.220421
23,38,0.214992
23,39,0.192219
23,40,0.157164
23,41,0.117393
23,42,0.0800971
23,43,0.050102
23,44,0.0288754
23,45,0.0153224
23,46,0.0074132
23,47,0.00322644
23,48,0.00127129
23,49,0.000550057
24,0,0
24,1,0.000418885
24,2,0.00132569
24,3,0.00343779
24,4,0.00786192
24,5,0.0161572
24,6,0.0302925
24,7,0.0522902
24,8,0.0831196
24,9,0.121044
24,10,0.160883
24,11,0.195173
24,12,0.216426
24,13,0.219939
24,14,0.206344
24,15,0.181222
24,16,0.151976
24,17,0.124717
24,18,0.102572
24,19,0.0860129
24,20,0.0738033
24,21,0.0643537
24,22,0.0561629
24,23,0.0479624
24,24,0.0389298
24,25,0.0304632
24,26,0.0389297
24,27,0.0479625
24,28,0.0561629
24,29,0.0643537
24,30,0.0738032
24,31,0.0860128
24,32,0.102572
24,33,0.124717
24,34,0.151976
24,35,0.181222
24,36,0.206344
24,37,0.219939
24,38,0.216426
24,39,0.195173
24,40,0.160883
24,41,0.121044
24,42,0.0831196
24,43,0.0522902
24,44,0.0302926
24,45,0.0161576
24,46,0.00786393
24,47,0.00344814
24,48,0.00137247
24,49,0.000603713
25,0,0
25,1,0.000430552
25,2,0.00135886
25,3,0.00351401
25,4,0.00801707
25,5,0.0164436
25,6,0.0307771
25,7,0.0530368
25,8,0.0841414
25,9,0.122253
25,10,0.162106
25,11,0.196187
25,12,0.216897
25,13,0.219581
25,14,0.205356
25,15,0.179955
25,16,0.150435
25,17,0.123198
25,18,0.101271
25,19,0.0847716
25,20,0.0727406
25,21,0.0631456
25,22,0.0545587
25,23,0.044847
25,24,0.0304633
25,25,4.00653e-05
25,26,0.0304632
25,27,0.0448469
25,28,0.0545589
25,29,0.0631455
25,30,0.0727407
25,31,0.0847715
25,32,0.101271
25,33,0.123198
25,34,0.150435
25,35,0.179955
25,36,0.205356
25,37,0.219581
25,38,0.216897
25,39,0.196187
25,40,0.162106
25,41,0.122253
25,42,0.0841414
25,43,0.0530368
25,44,0.0307772
25,45,0.016444
25,46,0.00801919
25,47,0.00352489
25,48,0.00140772
25,49,0.000622587
26,0,0
26,1,0.000418885
26,2,0.00132569
26,3,0.00343779
26,4,0.00786192
26,5,0.0161572
26,6,0.0302925
26,7,0.0522902
26,8,0.0831196
26,9,0.121044
26,10,0.160883
26,11,0.195173
26,12,0.216426
26,13,0.219939
26,14,0.206344
26,15,0.181222
26,16,0.151976
26,17,0.124717
26,18,0.102572
26,19,0.0860129
26,20,0.0738033
26,21,0.0643537
26,22,0.0561629
26,23,0.0479624
26,24,0.0389298
26,25,0.0304632
26,26,0.0389297
26,27,0.0479625
26,28,0.0561629
26,29,0.0643537
26,30,0.0738032
26,31,0.0860128
26,32,0.102572
26,33,0.124717
26,34,0.151976
26,35,0.181222
26,36,0.206344
26,37,0.219939
26,38,0.216426
26,39,0.195173
26,40,0.160883
26,41,0.121044
26,42,0.0831196
26,43,0.0522902
26,44,0.0302926
26,45,0.0161576
26,46,0.00786393
26,47,0.00344814
26,48,0.00137247
26,49,0.000603713
27,0,0
27,1,0.000385483
27,2,0.00123029
27,3,0.00321752
27,4,0.00741151
27,5,0.0153221
27,6,0.0288754
27,7,0.050102
27,8,0.0800971
27,9,0.117393
27,10,0.157164
27,11,0.192219
27,12,0.214992
27,13,0.220421
27,14,0.208876
27,15,0.185391
27,16,0.156713
27,17,0.129373
27,18,0.1068
27,19,0.0895663
27,20,0.0770724
27,21,0.0675556
27,22,0.0600225
27,23,0.0534635
27,24,0.0479625
27,25,0.0448467
27,26,0.0479624
27,27,0.0534634
27,28,0.0600226
27,29,0.0675555
27,30,0.0770725
27,31,0.0895664
27,32,0.1068
27,33,0.129373
27,34,0.156713
27,35,0.185391
27,36,0.208876
27,37,0.220421
27,38,0.214992
27,39,0.192219
27,40,0.157164
27,41,0.117393
27,42,0.0800971
27,43,0.050102
27,44,0.0288754
27,45,0.0153224
27,46,0.0074132
27,47,0.00322644
27,48,0.00127129
27,49,0.000550057
28,0,0
28,1,0.000334857
28,2,0.00108424
28,3,0.00287695
28,4,0.00670932
28,5,0.0140109
28,6,0.0266315
28,7,0.0465989
28,8,0.075203
28,9,0.11141
28,10,0.150906
28,11,0.186912
28,12,0.212087
28,13,0.220958
28,14,0.212713
28,15,0.191654
28,16,0.164424
28,17,0.137195
28,18,0.113945
28,19,0.0959219
28,20,0.0826076
28,21,0.0728788
28,22,0.0655577
28,23,0.0600226
28,24,0.056163
28,25,0.0545588
28,26,0.0561631
28,27,0.0600226
28,28,0.0655577
28,29,0.0728786
28,30,0.0826076
28,31,0.0959219
28,32,0.113945
28,33,0.137196
28,34,0.164424
28,35,0.191654
28,36,0.212713
28,37,0.220958
28,38,0.212087
28,39,0.186912
28,40,0.150906
28,41,0.11141
28,42,0.075203
28,43,0.0465989
28,44,0.0266315
28,45,0.0140111
28,46,0.00671058
28,47,0.00288384
28,48,0.00111696
28,49,0.000469865
29,0,0
29,1,0.000273577
29,2,0.00090473
29,3,0.0024518
29,4,0.0058212
29,5,0.0123338
29,6,0.0237299
29,7,0.0420067
29,8,0.0686597
29,9,0.103198
29,10,0.142064
29,11,0.179109
29,12,0.207135
29,13,0.220265
29,14,0.216868
29,15,0.199878
29,16,0.174866
29,17,0.148303
29,18,0.124488
29,19,0.105235
29,20,0.0908983
29,21,0.080343
29,22,0.0728786
29,23,0.0675555
29,24,0.0643538
29,25,0.0631455
29,26,0.0643537
29,27,0.0675555
29,28,0.0728787
29,29,0.0803429
29,30,0.0908984
29,31,0.105235
29,32,0.124489
29,33,0.148303
29,34,0.174866
29,35,0.199878
29,36,0.216868
29,37,0.220265
29,38,0.207135
29,39,0.179109
29,40,0.142064
29,41,0.103198
29,42,0.0686597
29,43,0.0420067
29,44,0.0237299
29,45,0.0123339
29,46,0.00582202
29,47,0.00245653
29,48,0.000928273
29,49,0.000374843
30,0,0
30,1,0.00020907
30,2,0.000711593
30,3,0.00198436
30,4,0.00482728
30,5,0.0104292
30,6,0.0203846
30,7,0.0366145
30,8,0.060805
30,9,0.0930594
30,10,0.130663
30,11,0.16832
30,12,0.199424
30,13,0.217714
30,14,0.220126
30,15,0.208455
30,16,0.187346
30,17,0.162384
30,18,0.138555
30,19,0.118315
30,20,0.102521
30,21,0.0908984
30,22,0.0826075
30,23,0.0770724
30,24,0.0738033
30,25,0.0727406
30,26,0.0738032
30,27,0.0770724
30,28,0.0826075
30,29,0.0908983
30,30,0.102521
30,31,0.118315
30,32,0.138555
30,33,0.162384
30,34,0.187347
30,35,0.208455
30,36,0.220126
30,37,0.217714
30,38,0.199424
30,39,0.16832
30,40,0.130663
30,41,0.0930594
30,42,0.060805
30,43,0.0366145
30,44,0.0203846
30,45,0.0104292
30,46,0.00482773
30,47,0.00198719
30,48,0.000726633
30,49,0.000277674
31,0,0
31,1,0.000148301
31,2,0.00052423
31,3,0.00151752
31,4,0.00381073
31,5,0.00844453
31,6,0.016839
31,7,0.0307789
31,8,0.0520583
31,9,0.0813678
31,10,0.116977
31,11,0.154552
31,12,0.188137
31,13,0.211639
31,14,0.221077
31,15,0.216268
31,16,0.200461
31,17,0.178798
31,18,0.155966
31,19,0.135264
31,20,0.118315
31,21,0.105235
31,22,0.095922
31,23,0.0895663
31,24,0.0860128
31,25,0.0847715
31,26,0.0860128
31,27,0.0895663
31,28,0.0959219
31,29,0.105235
31,30,0.118315
31,31,0.135264
31,32,0.155966
31,33,0.178798
31,34,0.200461
31,35,0.216268
31,36,0.221077
31,37,0.211639
31,38,0.188138
31,39,0.154552
31,40,0.116977
31,41,0.0813678
31,42,0.0520583
31,43,0.0307789
31,44,0.016839
31,45,0.00844456
31,46,0.00381093
31,47,0.00151894
31,48,0.000532535
31,49,0.000189456
32,0,0
32,1,9.66124e-05
32,2,0.000358569
32,3,0.00108884
32,4,0.00284826
32,5,0.00652069
32,6,0.0133316
32,7,0.0248748
32,8,0.04295
32,9,0.0687149
32,10,0.101389
32,11,0.137823
32,12,0.173076
32,13,0.201244
32,14,0.217601
32,15,0.220824
32,16,0.212327
32,17,0.195755
32,18,0.17587
32,19,0.155966
32,20,0.138555
32,21,0.124489
32,22,0.113945
32,23,0.1068
32,24,0.102572
32,25,0.101271
32,26,0.102572
32,27,0.1068
32,28,0.113945
32,29,0.124489
32,30,0.138555
32,31,0.155966
32,32,0.17587
32,33,0.195755
32,34,0.212327
32,35,0.220824
32,36,0.217601
32,37,0.201244
32,38,0.173076
32,39,0.137823
32,40,0.101389
32,41,0.0687149
32,42,0.04295
32,43,0.0248748
32,44,0.0133316
32,45,0.0065207
32,46,0.00284832
32,47,0.00108939
32,48,0.000362348
32,49,0.000117766
33,0,0
33,1,5.69923e-05
33,2,0.000225021
33,3,0.000725843
33,4,0.00200019
33,5,0.00477537
33,6,0.010077
33,7,0.0192606
33,8,0.0340065
33,9,0.0558006
33,10,0.0847265
33,11,0.118709
33,12,0.153988
33,13,0.185666
33,14,0.208616
33,15,0.21996
33,16,0.219959
33,17,0.210697
33,18,0.195755
33,19,0.178798
33,20,0.162384
33,21,0.148303
33,22,0.137196
33,23,0.129373
33,24,0.124717
33,25,0.123198
33,26,0.124717
33,27,0.129373
33,28,0.137196
33,29,0.148303
33,30,0.162384
33,31,0.178798
33,32,0.195755
33,33,0.210697
33,34,0.219959
33,35,0.21996
33,36,0.208616
33,37,0.185666
33,38,0.153988
33,39,0.118709
33,40,0.0847265
33,41,0.0558006
33,42,0.0340065
33,43,0.0192606
33,44,0.010077
33,45,0.00477537
33,46,0.00200019
33,47,0.000725976
33,48,0.000226294
33,49,6.57402e-05
34,0,0
34,1,2.98829e-05
34,2,0.000127514
34,3,0.000443586
34,4,0.00130562
34,5,0.00328997
34,6,0.00723258
34,7,0.0142394
34,8,0.0257548
34,9,0.0433549
34,10,0.0678385
34,11,0.0982451
34,12,0.131872
34,13,0.164825
34,14,0.19266
34,15,0.21175
34,16,0.220561
34,17,0.219959
34,18,0.212327
34,19,0.200461
34,20,0.187347
34,21,0.174866
34,22,0.164424
34,23,0.156713
34,24,0.151976
34,25,0.150435
34,26,0.151976
34,27,0.156713
34,28,0.164424
34,29,0.174866
34,30,0.187346
34,31,0.200461
34,32,0.212327
34,33,0.219959
34,34,0.220561
34,35,0.21175
34,36,0.19266
34,37,0.164825
34,38,0.131872
34,39,0.0982451
34,40,0.0678385
34,41,0.0433549
34,42,0.0257548
34,43,0.0142394
34,44,0.00723258
34,45,0.00328997
34,46,0.00130561
34,47,0.00044358
34,48,0.000127722
34,49,3.23648e-05
35,0,0
35,1,1.36155e-05
35,2,6.39064e-05
35,3,0.000244002
35,4,0.000780323
35,5,0.00210824
35,6,0.00489042
35,7,0.00999948
35,8,0.0185924
35,9,0.0321285
35,10,0.0517924
35,11,0.0775444
35,12,0.107894
35,13,0.140074
35,14,0.170223
35,15,0.194849
35,16,0.21175
35,17,0.21996
35,18,0.220824
35,19,0.216268
35,20,0.208455
35,21,0.199878
35,22,0.191654
35,23,0.185391
35,24,0.181222
35,25,0.179955
35,26,0.181222
35,27,0.185391
35,28,0.191654
35,29,0.199878
35,30,0.208455
35,31,0.216268
35,32,0.220824
35,33,0.21996
35,34,0.21175
35,35,0.194849
35,36,0.170223
35,37,0.140074
35,38,0.107894
35,39,0.0775444
35,40,0.0517924
35,41,0.0321285
35,42,0.0185924
35,43,0.00999948
35,44,0.00489042
35,45,0.00210824
35,46,0.000780318
35,47,0.000243977
35,48,6.38271e-05
35,49,1.37647e-05
36,0,0
36,1,5.26568e-06
36,2,2.76554e-05
36,3,0.000117982
36,4,0.000417892
36,5,0.00123492
36,6,0.00307929
36,7,0.00662723
36,8,0.0127377
36,9,0.0226049
36,10,0.0375612
36,11,0.0581726
36,12,0.0837717
36,13,0.112884
36,14,0.142864
36,15,0.170223
36,16,0.19266
36,17,0.208616
36,18,0.217601
36,19,0.221077
36,20,0.220126
36,21,0.216868
36,22,0.212713
36,23,0.208876
36,24,0.206344
36,25,0.205356
36,26,0.206344
36,27,0.208876
36,28,0.212713
36,29,0.216868
36,30,0.220126
36,31,0.221077
36,32,0.217601
36,33,0.208616
36,34,0.19266
36,35,0.170223
36,36,0.142864
36,37,0.112884
36,38,0.0837717
36,39,0.0581726
36,40,0.0375612
36,41,0.0226049
36,42,0.0127377
36,43,0.00662723
36,44,0.00307929
36,45,0.00123492
36,46,0.00041789
36,47,0.000117968
36,48,2.7575e-05
36,49,4.95535e-06
37,0,0
37,1,1.69316e-06
37,2,1.00998e-05
37,3,4.88951e-05
37,4,0.000195258
37,5,0.00064447
37,6,0.00176856
37,7,0.00409712
37,8,0.0082539
37,9,0.0150623
37,10,0.0257094
37,11,0.0412361
37,12,0.0615997
37,13,0.0859061
37,14,0.112884
37,15,0.140074
37,16,0.164825
37,17,0.185666
37,18,0.201244
37,19,0.211639
37,20,0.217714
37,21,0.220265
37,22,0.220958
37,23,0.220421
37,24,0.219939
37,25,0.219581
37,26,0.219939
37,27,0.220421
37,28,0.220958
37,29,0.220265
37,30,0.217714
37,31,0.211639
37,32,0.201244
37,33,0.185666
37,34,0.164825
37,35,0.140074
37,36,0.112884
37,37,0.0859061
37,38,0.0615997
37,39,0.0412362
37,40,0.0257094
37,41,0.0150623
37,42,0.0082539
37,43,0.00409712
37,44,0.00176856
37,45,0.00064447
37,46,0.000195258
37,47,4.88903e-05
37,48,1.00636e-05
37,49,1.48375e-06
38,0,0
38,1,4.45281e-07
38,2,3.05496e-06
38,3,1.69891e-05
38,4,7.75637e-05
38,5,0.000290946
38,6,0.000898672
38,7,0.00230367
38,8,0.00499757
38,9,0.00951329
38,10,0.0166221
38,11,0.0274095
38,12,0.0425379
38,13,0.0615997
38,14,0.0837717
38,15,0.107894
38,16,0.131872
38,17,0.153988
38,18,0.173076
38,19,0.188138
38,20,0.199424
38,21,0.207135
38,22,0.212087
38,23,0.214992
38,24,0.216426
38,25,0.216897
38,26,0.216426
38,27,0.214992
38,28,0.212087
38,29,0.207135
38,30,0.199424
38,31,0.188138
38,32,0.173076
38,33,0.153988
38,34,0.131872
38,35,0.107894
38,36,0.0837717
38,37,0.0615997
38,38,0.0425379
38,39,0.0274095
38,40,0.0166221
38,41,0.00951329
38,42,0.00499757
38,43,0.00230367
38,44,0.000898672
38,45,0.000290946
38,46,7.75636e-05
38,47,1.69879e-05
38,48,3.04399e-06
38,49,3.64308e-07
39,0,0
39,1,9.45393e-08
39,2,7.54553e-07
39,3,4.86765e-06
39,4,2.5666e-05
39,5,0.00011075
39,6,0.000391432
39,7,0.00113681
39,8,0.00274066
39,9,0.00561736
39,10,0.0101993
39,11,0.0171715
39,12,0.0274095
39,13,0.0412362
39,14,0.0581726
39,15,0.0775444
39,16,0.0982451
39,17,0.118709
39,18,0.137823
39,19,0.154552
39,20,0.16832
39,21,0.179109
39,22,0.186912
39,23,0.192219
39,24,0.195173
39,25,0.196187
39,26,0.195173
39,27,0.192219
39,28,0.186912
39,29,0.179109
39,30,0.16832
39,31,0.154552
39,32,0.137823
39,33,0.118709
39,34,0.0982451
39,35,0.0775444
39,36,0.0581726
39,37,0.0412362
39,38,0.0274095
39,39,0.0171715
39,40,0.0101993
39,41,0.00561736
39,42,0.00274066
39,43,0.00113681
39,44,0.000391432
39,45,0.00011075
39,46,2.56659e-05
39,47,4.86744e-06
39,48,7.52131e-07
39,49,7.24886e-08
40,0,0
40,1,1.60166e-08
40,2,1.50488e-07
40,3,1.1364e-06
40,4,6.97564e-06
40,5,3.49097e-05
40,6,0.000142631
40,7,0.000476487
40,8,0.0013077
40,9,0.00298697
40,10,0.00583826
40,11,0.0101993
40,12,0.0166221
40,13,0.0257094
40,14,0.0375612
40,15,0.0517924
40,16,0.0678385
40,17,0.0847265
40,18,0.101389
40,19,0.116977
40,20,0.130663
40,21,0.142064
40,22,0.150906
40,23,0.157164
40,24,0.160883
40,25,0.162106
40,26,0.160883
40,27,0.157164
40,28,0.150906
40,29,0.142064
40,30,0.130663
40,31,0.116977
40,32,0.101389
40,33,0.0847265
40,34,0.0678385
40,35,0.0517924
40,36,0.0375612
40,37,0.0257094
40,38,0.0166221
40,39,0.0101993
40,40,0.00583826
40,41,0.00298697
40,42,0.0013077
40,43,0.000476487
40,44,0.000142631
40,45,3.49097e-05
40,46,6.97564e-06
40,47,1.13637e-06
40,48,1.50089e-07
40,49,1.15582e-08
41,0,0
41,1,2.13795e-09
41,2,2.39832e-08
41,3,2.14142e-07
41,4,1.54216e-06
41,5,9.00851e-06
41,6,4.28184e-05
41,7,0.000165917
41,8,0.000525531
41,9,0.00136996
41,10,0.00298697
41,11,0.00561736
41,12,0.00951329
41,13,0.0150623
41,14,0.0226049
41,15,0.0321285
41,16,0.0433549
41,17,0.0558006
41,18,0.0687149
41,19,0.0813678
41,20,0.0930594
41,21,0.103198
41,22,0.11141
41,23,0.117393
41,24,0.121044
41,25,0.122253
41,26,0.121044
41,27,0.117393
41,28,0.11141
41,29,0.103198
41,30,0.0930594
41,31,0.0813678
41,32,0.0687149
41,33,0.0558006
41,34,0.0433549
41,35,0.0321285
41,36,0.0226049
41,37,0.0150623
41,38,0.00951329
41,39,0.00561736
41,40,0.00298697
41,41,0.00136996
41,42,0.000525531
41,43,0.000165917
41,44,4.28184e-05
41,45,9.00851e-06
41,46,1.54216e-06
41,47,2.14139e-07
41,48,2.3934e-08
41,49,1.45818e-09
42,0,0
42,1,2.21206e-10
42,2,3.01784e-09
42,3,3.22708e-08
42,4,2.75166e-07
42,5,1.88874e-06
42,6,1.04973e-05
42,7,4.7409e-05
42,8,0.000174479
42,9,0.000525531
42,10,0.0013077
42,11,0.00274066
42,12,0.00499757
42,13,0.0082539
42,14,0.0127377
42,15,0.0185924
42,16,0.0257548
42,17,0.0340065
42,18,0.04295
42,19,0.0520583
42,20,0.060805
42,21,0.0686597
42,22,0.075203
42,23,0.0800971
42,24,0.0831196
42,25,0.0841414
42,26,0.0831196
42,27,0.0800971
42,28,0.075203
42,29,0.0686597
42,30,0.060805
42,31,0.0520583
42,32,0.04295
42,33,0.0340065
42,34,0.0257548
42,35,0.0185924
42,36,0.0127377
42,37,0.0082539
42,38,0.00499757
42,39,0.00274066
42,40,0.0013077
42,41,0.000525531
42,42,0.000174479
42,43,4.7409e-05
42,44,1.04973e-05
42,45,1.88874e-06
42,46,2.75166e-07
42,47,3.22706e-08
42,48,3.01337e-09
42,49,1.43158e-10
43,0,0
43,1,1.73309e-11
43,2,2.95069e-10
43,3,3.84552e-09
43,4,3.93011e-08
43,5,3.19686e-07
43,6,2.08972e-06
43,7,1.10455e-05
43,8,4.7409e-05
43,9,0.000165917
43,10,0.000476487
43,11,0.00113681
43,12,0.00230367
43,13,0.00409712
43,14,0.00662723
43,15,0.00999948
43,16,0.0142394
43,17,0.0192606
43,18,0.0248748
43,19,0.0307789
43,20,0.0366145
43,21,0.0420067
43,22,0.0465989
43,23,0.050102
43,24,0.0522902
43,25,0.0530368
43,26,0.0522902
43,27,0.050102
43,28,0.0465989
43,29,0.0420067
43,30,0.0366145
43,31,0.0307789
43,32,0.0248748
43,33,0.0192606
43,34,0.0142394
43,35,0.00999948
43,36,0.00662723
43,37,0.00409712
43,38,0.00230367
43,39,0.00113681
43,40,0.000476487
43,41,0.000165917
43,42,4.7409e-05
43,43,1.10455e-05
43,44,2.08972e-06
43,45,3.19686e-07
43,46,3.93011e-08
43,47,3.84551e-09
43,48,2.94778e-10
43,49,1.0681e-11
44,0,0
44,1,9.91905e-13
44,2,2.19024e-11
44,3,3.56741e-10
44,4,4.44545e-09
44,5,4.33613e-08
44,6,3.36046e-07
44,7,2.08972e-06
44,8,1.04973e-05
44,9,4.28184e-05
44,10,0.000142631
44,11,0.000391432
44,12,0.000898672
44,13,0.00176856
44,14,0.00307929
44,15,0.00489042
44,16,0.00723258
44,17,0.010077
44,18,0.0133316
44,19,0.016839
44,20,0.0203846
44,21,0.0237299
44,22,0.0266315
44,23,0.0288754
44,24,0.0302926
44,25,0.0307772
44,26,0.0302926
44,27,0.0288754
44,28,0.0266315
44,29,0.0237299
44,30,0.0203846
44,31,0.016839
44,32,0.0133316
44,33,0.010077
44,34,0.00723258
44,35,0.00489042
44,36,0.00307929
44,37,0.00176856
44,38,0.000898672
44,39,0.000391432
44,40,0.000142631
44,41,4.28184e-05
44,42,1.04973e-05
44,43,2.08972e-06
44,44,3.36046e-07
44,45,4.33614e-08
44,46,4.44545e-09
44,47,3.56741e-10
44,48,2.18895e-11
44,49,5.84025e-13
45,0,0
45,1,3.90656e-14
45,2,1.19068e-12
45,3,2.51755e-11
45,4,3.92172e-10
45,5,4.66521e-09
45,6,4.33614e-08
45,7,3.19686e-07
45,8,1.88874e-06
45,9,9.00851e-06
45,10,3.49097e-05
45,11,0.00011075
45,12,0.000290946
45,13,0.00064447
45,14,0.00123492
45,15,0.00210824
45,16,0.00328997
45,17,0.00477537
45,18,0.0065207
45,19,0.00844455
45,20,0.0104292
45,21,0.0123339
45,22,0.0140111
45,23,0.0153224
45,24,0.0161576
45,25,0.016444
45,26,0.0161576
45,27,0.0153224
45,28,0.0140111
45,29,0.0123339
45,30,0.0104292
45,31,0.00844455
45,32,0.0065207
45,33,0.00477537
45,34,0.00328997
45,35,0.00210824
45,36,0.00123492
45,37,0.00064447
45,38,0.000290946
45,39,0.00011075
45,40,3.49097e-05
45,41,9.00851e-06
45,42,1.88874e-06
45,43,3.19686e-07
45,44,4.33614e-08
45,45,4.66521e-09
45,46,3.92172e-10
45,47,2.51755e-11
45,48,1.19033e-12
45,49,2.20383e-14
46,0,0
46,1,9.45394e-16
46,2,4.46522e-14
46,3,1.30389e-12
46,4,2.63701e-11
46,5,3.92171e-10
46,6,4.44545e-09
46,7,3.93011e-08
46,8,2.75166e-07
46,9,1.54216e-06
46,10,6.97564e-06
46,11,2.5666e-05
46,12,7.75637e-05
46,13,0.000195258
46,14,0.00041789
46,15,0.000780318
46,16,0.00130561
46,17,0.00200019
46,18,0.00284832
46,19,0.00381093
46,20,0.00482773
46,21,0.00582202
46,22,0.00671058
46,23,0.0074132
46,24,0.00786393
46,25,0.00801919
46,26,0.00786393
46,27,0.0074132
46,28,0.00671058
46,29,0.00582202
46,30,0.00482773
46,31,0.00381093
46,32,0.00284832
46,33,0.00200019
46,34,0.00130561
46,35,0.000780318
46,36,0.00041789
46,37,0.000195258
46,38,7.75636e-05
46,39,2.56659e-05
46,40,6.97564e-06
46,41,1.54216e-06
46,42,2.75166e-07
46,43,3.93011e-08
46,44,4.44545e-09
46,45,3.92172e-10
46,46,2.63701e-11
46,47,1.30389e-12
46,48,4.46479e-14
46,49,5.12313e-16
47,0,0
47,1,1.05885e-17
47,2,1.03134e-15
47,3,4.66809e-14
47,4,1.30389e-12
47,5,2.51755e-11
47,6,3.56741e-10
47,7,3.84551e-09
47,8,3.22706e-08
47,9,2.14139e-07
47,10,1.13637e-06
47,11,4.86744e-06
47,12,1.69879e-05
47,13,4.88903e-05
47,14,0.000117968
47,15,0.000243977
47,16,0.00044358
47,17,0.000725976
47,18,0.00108939
47,19,0.00151894
47,20,0.00198719
47,21,0.00245653
47,22,0.00288384
47,23,0.00322644
47,24,0.00344814
47,25,0.00352488
47,26,0.00344814
47,27,0.00322644
47,28,0.00288384
47,29,0.00245653
47,30,0.00198719
47,31,0.00151894
47,32,0.00108939
47,33,0.000725976
47,34,0.00044358
47,35,0.000243977
47,36,0.000117968
47,37,4.88903e-05
47,38,1.69879e-05
47,39,4.86744e-06
47,40,1.13637e-06
47,41,2.14139e-07
47,42,3.22706e-08
47,43,3.84551e-09
47,44,3.56741e-10
47,45,2.51755e-11
47,46,1.30389e-12
47,47,4.66808e-14
47,48,1.03134e-15
47,49,5.52442e-18
48,0,0
48,1,0
48,2,1.10488e-17
48,3,1.03134e-15
48,4,4.46479e-14
48,5,1.19033e-12
48,6,2.18895e-11
48,7,2.94778e-10
48,8,3.01336e-09
48,9,2.3934e-08
48,10,1.50089e-07
48,11,7.52131e-07
48,12,3.04399e-06
48,13,1.00636e-05
48,14,2.7575e-05
48,15,6.38271e-05
48,16,0.000127722
48,17,0.000226294
48,18,0.000362348
48,19,0.000532535
48,20,0.000726633
48,21,0.000928273
48,22,0.00111696
48,23,0.00127129
48,24,0.00137247
48,25,0.00140772
48,26,0.00137247
48,27,0.00127129
48,28,0.00111696
48,29,0.000928273
48,30,0.000726633
48,31,0.000532535
48,32,0.000362348
48,33,0.000226294
48,34,0.000127722
48,35,6.38271e-05
48,36,2.7575e-05
48,37,1.00636e-05
48,38,3.04399e-06
48,39,7.52131e-07
48,40,1.50089e-07
48,41,2.3934e-08
48,42,3.01336e-09
48,43,2.94778e-10
48,44,2.18895e-11
48,45,1.19033e-12
48,46,4.46479e-14
48,47,1.03134e-15
48,48,1.10488e-17
48,49,0
49,0,0
49,1,0
49,2,0
49,3,5.52442e-18
49,4,5.12313e-16
49,5,2.20383e-14
49,6,5.84025e-13
49,7,1.0681e-11
49,8,1.43158e-10
49,9,1.45818e-09
49,10,1.15582e-08
49,11,7.24886e-08
49,12,3.64308e-07
49,13,1.48375e-06
49,14,4.95535e-06
49,15,1.37647e-05
49,16,3.23648e-05
49,17,6.57402e-05
49,18,0.000117766
49,19,0.000189456
49,20,0.000277674
49,21,0.000374843
49,22,0.000469865
49,23,0.000550057
49,24,0.000603713
49,25,0.000622587
49,26,0.000603713
49,27,0.000550057
49,28,0.000469865
49,29,0.000374843
49,30,0.000277674
49,31,0.000189456
49,32,0.000117766
49,33,6.57402e-05
49,34,3.23648e-05
49,35,1.37647e-05
49,36,4.95535e-06
49,37,1.48375e-06
49,38,3.64308e-07
49,39,7.24886e-08
49,40,1.15582e-08
49,41,1.45818e-09
49,42,1.43158e-10
49,43,1.0681e-11
49,44,5.84025e-13
49,45,2.20383e-14
49,46,5.12313e-16
49,47,5.52442e-18
49,48,0
49,49,0
