0,0,0
0,1,0
0,2,0
0,3,0
0,4,0
0,5,0
0,6,0
0,7,0
0,8,0
0,9,0
0,10,0
0,11,0
0,12,0
0,13,0
0,14,0
0,15,0
0,16,0
0,17,0
0,18,0
0,19,0
0,20,0
0,21,0
0,22,0
0,23,0
0,24,0
0,25,0
0,26,0
0,27,0
0,28,0
0,29,0
0,30,0
0,31,0
0,32,0
0,33,0
0,34,0
0,35,0
0,36,0
0,37,0
0,38,0
0,39,0
0,40,0
0,41,0
0,42,0
0,43,0
0,44,0
0,45,0
0,46,0
0,47,0
0,48,0
0,49,0
1,0,0
1,1,0
1,2,0
1,3,0
1,4,0
1,5,0
1,6,0
1,7,0
1,8,0
1,9,0
1,10,0
1,11,0
1,12,0
1,13,0
1,14,0
1,15,0
1,16,0
1,17,0
1,18,0
1,19,0
1,20,0
1,21,0
1,22,0
1,23,0
1,24,0
1,25,0
1,26,0
1,27,0
1,28,0
1,29,0
1,30,0
1,31,0
1,32,0
1,33,0
1,34,0
1,35,0
1,36,0
1,37,0
1,38,0
1,39,0
1,40,0
1,41,0
1,42,0
1,43,0
1,44,0
1,45,0
1,46,0
1,47,0
1,48,0
1,49,0
2,0,0
2,1,0
2,2,0
2,3,0
2,4,0
2,5,0
2,6,0
2,7,0
2,8,0
2,9,0
2,10,0
2,11,0
2,12,0
2,13,0
2,14,0
2,15,0
2,16,0
2,17,0
2,18,0
2,19,0
2,20,0
2,21,0
2,22,0
2,23,0
2,24,0
2,25,9.44312e-17
2,26,0
2,27,0
2,28,0
2,29,0
2,30,0
2,31,0
2,32,0
2,33,0
2,34,0
2,35,0
2,36,0
2,37,0
2,38,0
2,39,0
2,40,0
2,41,0
2,42,0
2,43,0
2,44,0
2,45,0
2,46,0
2,47,0
2,48,0
2,49,0
3,0,0
3,1,0
3,2,0
3,3,0
3,4,0
3,5,0
3,6,0
3,7,0
3,8,0
3,9,0
3,10,0
3,11,0
3,12,0
3,13,0
3,14,0
3,15,0
3,16,0
3,17,0
3,18,0
3,19,0
3,20,0
3,21,0
3,22,0
3,23,0
3,24,2.17192e-15
3,25,8.94143e-15
3,26,2.17192e-15
3,27,0
3,28,0
3,29,0
3,30,0
3,31,0
3,32,0
3,33,0
3,34,0
3,35,0
3,36,0
3,37,0
3,38,0
3,39,0
3,40,0
3,41,0
3,42,0
3,43,0
3,44,0
3,45,0
3,46,0
3,47,0
3,48,0
3,49,0
4,0,0
4,1,0
4,2,0
4,3,0
4,4,0
4,5,0
4,6,0
4,7,0
4,8,0
4,9,0
4,10,0
4,11,0
4,12,0
4,13,0
4,14,0
4,15,0
4,16,0
4,17,0
4,18,0
4,19,0
4,20,0
4,21,0
4,22,0
4,23,2.38911e-14
4,24,1.96711e-13
4,25,4.24016e-13
4,26,1.96711e-13
4,27,2.38911e-14
4,28,0
4,29,0
4,30,0
4,31,0
4,32,0
4,33,0
4,34,0
4,35,0
4,36,0
4,37,0
4,38,0
4,39,0
4,40,0
4,41,0
4,42,0
4,43,0
4,44,0
4,45,0
4,46,0
4,47,0
4,48,0
4,49,0
5,0,0
5,1,0
5,2,0
5,3,0
5,4,0
5,5,0
5,6,0
5,7,0
5,8,0
5,9,0
5,10,0
5,11,0
5,12,0
5,13,0
5,14,0
5,15,0
5,16,0
5,17,0
5,18,0
5,19,0
5,20,0
5,21,0
5,22,1.67238e-13
5,23,2.06547e-12
5,24,8.4048e-12
5,25,1.33349e-11
5,26,8.4048e-12
5,27,2.06547e-12
5,28,1.67238e-13
5,29,0
5,30,0
5,31,0
5,32,0
5,33,0
5,34,0
5,35,0
5,36,0
5,37,0
5,38,0
5,39,0
5,40,0
5,41,0
5,42,0
5,43,0
5,44,0
5,45,0
5,46,0
5,47,0
5,48,0
5,49,0
6,0,0
6,1,0
6,2,0
6,3,0
6,4,0
6,5,0
6,6,0
6,7,0
6,8,0
6,9,0
6,10,0
6,11,0
6,12,0
6,13,0
6,14,0
6,15,0
6,16,0
6,17,0
6,18,0
6,19,0
6,20,0
6,21,8.36189e-13
6,22,1.37698e-11
6,23,8.23995e-11
6,24,2.25586e-10
6,25,3.06244e-10
6,26,2.25586e-10
6,27,8.23995e-11
6,28,1.37698e-11
6,29,8.36189e-13
6,30,0
6,31,0
6,32,0
6,33,0
6,34,0
6,35,0
6,36,0
6,37,0
6,38,0
6,39,0
6,40,0
6,41,0
6,42,0
6,43,0
6,44,0
6,45,0
6,46,0
6,47,0
6,48,0
6,49,0
7,0,0
7,1,0
7,2,0
7,3,0
7,4,0
7,5,0
7,6,0
7,7,0
7,8,0
7,9,0
7,10,0
7,11,0
7,12,0
7,13,0
7,14,0
7,15,0
7,16,0
7,17,0
7,18,0
7,19,0
7,20,3.17752e-12
7,21,6.54065e-11
7,22,5.16735e-10
7,23,2.01432e-09
7,24,4.26145e-09
7,25,5.334e-09
7,26,4.26145e-09
7,27,2.01432e-09
7,28,5.16735e-10
7,29,6.54065e-11
7,30,3.17752e-12
7,31,0
7,32,0
7,33,0
7,34,0
7,35,0
7,36,0
7,37,0
7,38,0
7,39,0
7,40,0
7,41,0
7,42,0
7,43,0
7,44,0
7,45,0
7,46,0
7,47,0
7,48,0
7,49,0
8,0,0
8,1,0
8,2,0
8,3,0
8,4,0
8,5,0
8,6,0
8,7,0
8,8,0
8,9,0
8,10,0
8,11,0
8,12,0
8,13,0
8,14,0
8,15,0
8,16,0
8,17,0
8,18,0
8,19,9.53255e-12
8,20,2.35463e-10
8,21,2.31184e-09
8,22,1.17073e-08
8,23,3.37848e-08
8,24,5.99798e-08
8,25,7.16593e-08
8,26,5.99798e-08
8,27,3.37848e-08
8,28,1.17073e-08
8,29,2.31184e-09
8,30,2.35463e-10
8,31,9.53255e-12
8,32,0
8,33,0
8,34,0
8,35,0
8,36,0
8,37,0
8,38,0
8,39,0
8,40,0
8,41,0
8,42,0
8,43,0
8,44,0
8,45,0
8,46,0
8,47,0
8,48,0
8,49,0
9,0,0
9,1,0
9,2,0
9,3,0
9,4,0
9,5,0
9,6,0
9,7,0
9,8,0
9,9,0
9,10,0
9,11,0
9,12,0
9,13,0
9,14,0
9,15,0
9,16,0
9,17,0
9,18,2.31505e-11
9,19,6.67146e-10
9,20,7.83104e-09
9,21,4.88205e-08
9,22,1.78864e-07
9,23,4.12331e-07
9,24,6.48127e-07
9,25,7.49698e-07
9,26,6.48127e-07
9,27,4.12331e-07
9,28,1.78864e-07
9,29,4.88205e-08
9,30,7.83104e-09
9,31,6.67146e-10
9,32,2.31505e-11
9,33,0
9,34,0
9,35,0
9,36,0
9,37,0
9,38,0
9,39,0
9,40,0
9,41,0
9,42,0
9,43,0
9,44,0
9,45,0
9,46,0
9,47,0
9,48,0
9,49,0
10,0,0
10,1,0
10,2,0
10,3,0
10,4,0
10,5,0
10,6,0
10,7,0
10,8,0
10,9,0
10,10,0
10,11,0
10,12,0
10,13,0
10,14,0
10,15,0
10,16,0
10,17,4.6301e-11
10,18,1.52491e-09
10,19,2.08306e-08
10,20,1.54326e-07
10,21,6.86442e-07
10,22,1.95043e-06
10,23,3.78789e-06
10,24,5.45784e-06
10,25,6.14845e-06
10,26,5.45784e-06
10,27,3.78789e-06
10,28,1.95043e-06
10,29,6.86442e-07
10,30,1.54326e-07
10,31,2.08306e-08
10,32,1.52491e-09
10,33,4.6301e-11
10,34,0
10,35,0
10,36,0
10,37,0
10,38,0
10,39,0
10,40,0
10,41,0
10,42,0
10,43,0
10,44,0
10,45,0
10,46,0
10,47,0
10,48,0
10,49,0
11,0,0
11,1,0
11,2,0
11,3,0
11,4,0
11,5,0
11,6,0
11,7,0
11,8,0
11,9,0
11,10,0
11,11,0
11,12,0
11,13,0
11,14,0
11,15,0
11,16,7.71683e-11
11,17,2.8592e-09
11,18,4.45609e-08
11,19,3.82671e-07
11,20,2.00467e-06
11,21,6.78422e-06
11,22,1.56861e-05
11,23,2.67179e-05
11,24,3.60566e-05
11,25,3.97186e-05
11,26,3.60566e-05
11,27,2.67179e-05
11,28,1.56861e-05
11,29,6.78422e-06
11,30,2.00467e-06
11,31,3.82671e-07
11,32,4.45609e-08
11,33,2.8592e-09
11,34,7.71683e-11
11,35,0
11,36,0
11,37,0
11,38,0
11,39,0
11,40,0
11,41,0
11,42,0
11,43,0
11,44,0
11,45,0
11,46,0
11,47,0
11,48,0
11,49,0
12,0,0
12,1,0
12,2,0
12,3,0
12,4,0
12,5,0
12,6,0
12,7,0
12,8,0
12,9,0
12,10,0
12,11,0
12,12,0
12,13,0
12,14,0
12,15,1.08036e-10
12,16,4.44764e-09
12,17,7.78928e-08
12,18,7.61148e-07
12,19,4.59441e-06
12,20,1.80787e-05
12,21,4.85715e-05
12,22,9.49743e-05
12,23,0.000146381
12,24,0.000187467
12,25,0.000202869
12,26,0.000187467
12,27,0.000146381
12,28,9.49743e-05
12,29,4.85715e-05
12,30,1.80787e-05
12,31,4.59441e-06
12,32,7.61148e-07
12,33,7.78928e-08
12,34,4.44764e-09
12,35,1.08036e-10
12,36,0
12,37,0
12,38,0
12,39,0
12,40,0
12,41,0
12,42,0
12,43,0
12,44,0
12,45,0
12,46,0
12,47,0
12,48,0
12,49,0
13,0,0
13,1,0
13,2,0
13,3,0
13,4,0
13,5,0
13,6,0
13,7,0
13,8,0
13,9,0
13,10,0
13,11,0
13,12,0
13,13,0
13,14,1.27678e-10
13,15,5.78194e-09
13,16,1.12433e-07
13,17,1.2325e-06
13,18,8.43238e-06
13,19,3.79039e-05
13,20,0.000116345
13,21,0.000256695
13,22,0.000439529
13,23,0.000627924
13,24,0.000770394
13,25,0.000823218
13,26,0.000770394
13,27,0.000627924
13,28,0.000439529
13,29,0.000256695
13,30,0.000116345
13,31,3.79039e-05
13,32,8.43238e-06
13,33,1.2325e-06
13,34,1.12433e-07
13,35,5.78194e-09
13,36,1.27678e-10
13,37,0
13,38,0
13,39,0
13,40,0
13,41,0
13,42,0
13,43,0
13,44,0
13,45,0
13,46,0
13,47,0
13,48,0
13,49,0
14,0,0
14,1,0
14,2,0
14,3,0
14,4,0
14,5,0
14,6,0
14,7,0
14,8,0
14,9,0
14,10,0
14,11,0
14,12,0
14,13,1.27678e-10
14,14,6.30757e-09
14,15,1.34874e-07
14,16,1.64007e-06
14,17,1.25578e-05
14,18,6.36265e-05
14,19,0.00022042
14,20,0.000543177
14,21,0.00101812
14,22,0.00157989
14,23,0.00213157
14,24,0.00253101
14,25,0.00268168
14,26,0.00253101
14,27,0.00213157
14,28,0.00157989
14,29,0.00101812
14,30,0.000543177
14,31,0.00022042
14,32,6.36265e-05
14,33,1.25578e-05
14,34,1.64007e-06
14,35,1.34874e-07
14,36,6.30757e-09
14,37,1.27678e-10
14,38,0
14,39,0
14,40,0
14,41,0
14,42,0
14,43,0
14,44,0
14,45,0
14,46,0
14,47,0
14,48,0
14,49,0
15,0,0
15,1,0
15,2,0
15,3,0
15,4,0
15,5,0
15,6,0
15,7,0
15,8,0
15,9,0
15,10,0
15,11,0
15,12,1.08036e-10
15,13,5.78194e-09
15,14,1.34874e-07
15,15,1.80292e-06
15,16,1.5296e-05
15,17,8.64638e-05
15,18,0.000335072
15,19,0.00091708
15,20,0.00187129
15,21,0.00310765
15,22,0.00452218
15,23,0.00585907
15,24,0.00682158
15,25,0.00718137
15,26,0.00682158
15,27,0.00585907
15,28,0.00452218
15,29,0.00310765
15,30,0.00187129
15,31,0.00091708
15,32,0.000335072
15,33,8.64638e-05
15,34,1.5296e-05
15,35,1.80292e-06
15,36,1.34874e-07
15,37,5.78194e-09
15,38,1.08036e-10
15,39,0
15,40,0
15,41,0
15,42,0
15,43,0
15,44,0
15,45,0
15,46,0
15,47,0
15,48,0
15,49,0
16,0,0
16,1,0
16,2,0
16,3,0
16,4,0
16,5,0
16,6,0
16,7,0
16,8,0
16,9,0
16,10,0
16,11,7.71683e-11
16,12,4.44764e-09
16,13,1.12433e-07
16,14,1.64007e-06
16,15,1.5296e-05
16,16,9.57077e-05
16,17,0.000412278
16,18,0.00125022
16,19,0.00278079
16,20,0.00492432
16,21,0.00764534
16,22,0.0107513
16,23,0.0136286
16,24,0.015754
16,25,0.016504
16,26,0.015754
16,27,0.0136286
16,28,0.0107513
16,29,0.00764534
16,30,0.00492432
16,31,0.00278079
16,32,0.00125022
16,33,0.000412278
16,34,9.57077e-05
16,35,1.5296e-05
16,36,1.64007e-06
16,37,1.12433e-07
16,38,4.44764e-09
16,39,7.71683e-11
16,40,0
16,41,0
16,42,0
16,43,0
16,44,0
16,45,0
16,46,0
16,47,0
16,48,0
16,49,0
17,0,0
17,1,0
17,2,0
17,3,0
17,4,0
17,5,0
17,6,0
17,7,0
17,8,0
17,9,0
17,10,4.6301e-11
17,11,2.8592e-09
17,12,7.78928e-08
17,13,1.2325e-06
17,14,1.25578e-05
17,15,8.64638e-05
17,16,0.000412278
17,17,0.00138529
17,18,0.0033803
17,19,0.00642822
17,20,0.0106275
17,21,0.0162184
17,22,0.0224719
17,23,0.0283712
17,24,0.0327002
17,25,0.0342222
17,26,0.0327002
17,27,0.0283711
17,28,0.0224719
17,29,0.0162184
17,30,0.0106275
17,31,0.00642822
17,32,0.0033803
17,33,0.00138529
17,34,0.000412278
17,35,8.64638e-05
17,36,1.25578e-05
17,37,1.2325e-06
17,38,7.78928e-08
17,39,2.8592e-09
17,40,4.6301e-11
17,41,0
17,42,0
17,43,0
17,44,0
17,45,0
17,46,0
17,47,0
17,48,0
17,49,0
18,0,0
18,1,0
18,2,0
18,3,0
18,4,0
18,5,0
18,6,0
18,7,0
18,8,0
18,9,2.31505e-11
18,10,1.52491e-09
18,11,4.45609e-08
18,12,7.61147e-07
18,13,8.43238e-06
18,14,6.36265e-05
18,15,0.000335072
18,16,0.00125022
18,17,0.0033803
18,18,0.00701357
18,19,0.0124437
18,20,0.0205885
18,21,0.0313341
18,22,0.0431587
18,23,0.0545421
18,24,0.0625623
18,25,0.0656114
18,26,0.0625623
18,27,0.0545421
18,28,0.0431587
18,29,0.0313341
18,30,0.0205885
18,31,0.0124437
18,32,0.00701357
18,33,0.0033803
18,34,0.00125022
18,35,0.000335073
18,36,6.36265e-05
18,37,8.43238e-06
18,38,7.61148e-07
18,39,4.45609e-08
18,40,1.52491e-09
18,41,2.31505e-11
18,42,0
18,43,0
18,44,0
18,45,0
18,46,0
18,47,0
18,48,0
18,49,0
19,0,0
19,1,0
19,2,0
19,3,0
19,4,0
19,5,0
19,6,0
19,7,0
19,8,9.53255e-12
19,9,6.67146e-10
19,10,2.08306e-08
19,11,3.8267e-07
19,12,4.59441e-06
19,13,3.79039e-05
19,14,0.00022042
19,15,0.00091708
19,16,0.00278079
19,17,0.00642822
19,18,0.0124437
19,19,0.0222657
19,20,0.037074
19,21,0.0557162
19,22,0.0766238
19,23,0.0962835
19,24,0.110186
19,25,0.115488
19,26,0.110186
19,27,0.0962835
19,28,0.0766238
19,29,0.0557162
19,30,0.037074
19,31,0.0222657
19,32,0.0124437
19,33,0.00642822
19,34,0.00278079
19,35,0.00091708
19,36,0.00022042
19,37,3.79039e-05
19,38,4.59441e-06
19,39,3.82671e-07
19,40,2.08306e-08
19,41,6.67146e-10
19,42,9.53255e-12
19,43,0
19,44,0
19,45,0
19,46,0
19,47,0
19,48,0
19,49,0
20,0,0
20,1,0
20,2,0
20,3,0
20,4,0
20,5,0
20,6,0
20,7,3.17752e-12
20,8,2.35463e-10
20,9,7.83104e-09
20,10,1.54326e-07
20,11,2.00467e-06
20,12,1.80787e-05
20,13,0.000116345
20,14,0.000543177
20,15,0.00187129
20,16,0.00492432
20,17,0.0106275
20,18,0.0205885
20,19,0.037074
20,20,0.0607292
20,21,0.0906587
20,22,0.124293
20,23,0.155227
20,24,0.177789
20,25,0.185856
20,26,0.177789
20,27,0.155227
20,28,0.124293
20,29,0.0906587
20,30,0.0607292
20,31,0.037074
20,32,0.0205885
20,33,0.0106275
20,34,0.00492432
20,35,0.00187129
20,36,0.000543177
20,37,0.000116345
20,38,1.80787e-05
20,39,2.00467e-06
20,40,1.54326e-07
20,41,7.83104e-09
20,42,2.35463e-10
20,43,3.17752e-12
20,44,0
20,45,0
20,46,0
20,47,0
20,48,0
20,49,0
21,0,0
21,1,0
21,2,0
21,3,0
21,4,0
21,5,0
21,6,8.36189e-13
21,7,6.54065e-11
21,8,2.31184e-09
21,9,4.88205e-08
21,10,6.86443e-07
21,11,6.78422e-06
21,12,4.85715e-05
21,13,0.000256695
21,14,0.00101812
21,15,0.00310765
21,16,0.00764534
21,17,0.0162184
21,18,0.0313341
21,19,0.0557162
21,20,0.0906587
21,21,0.135171
21,22,0.184238
21,23,0.230023
21,24,0.263328
21,25,0.275547
21,26,0.263328
21,27,0.230023
21,28,0.184238
21,29,0.135171
21,30,0.0906587
21,31,0.0557162
21,32,0.0313341
21,33,0.0162184
21,34,0.00764534
21,35,0.00310765
21,36,0.00101812
21,37,0.000256695
21,38,4.85715e-05
21,39,6.78422e-06
21,40,6.86442e-07
21,41,4.88205e-08
21,42,2.31184e-09
21,43,6.54065e-11
21,44,8.36189e-13
21,45,0
21,46,0
21,47,0
21,48,0
21,49,0
22,0,0
22,1,0
22,2,0
22,3,0
22,4,0
22,5,1.67238e-13
22,6,1.37698e-11
22,7,5.16735e-10
22,8,1.17073e-08
22,9,1.78864e-07
22,10,1.95043e-06
22,11,1.56861e-05
22,12,9.49743e-05
22,13,0.000439529
22,14,0.00157989
22,15,0.00452218
22,16,0.0107513
22,17,0.0224719
22,18,0.0431587
22,19,0.0766238
22,20,0.124293
22,21,0.184238
22,22,0.250762
22,23,0.313408
22,24,0.359884
22,25,0.378114
22,26,0.359884
22,27,0.313408
22,28,0.250762
22,29,0.184238
22,30,0.124293
22,31,0.0766238
22,32,0.0431587
22,33,0.0224719
22,34,0.0107513
22,35,0.00452218
22,36,0.00157989
22,37,0.000439529
22,38,9.49743e-05
22,39,1.56861e-05
22,40,1.95043e-06
22,41,1.78864e-07
22,42,1.17073e-08
22,43,5.16735e-10
22,44,1.37698e-11
22,45,1.67238e-13
22,46,0
22,47,0
22,48,0
22,49,0
23,0,0
23,1,0
23,2,0
23,3,0
23,4,2.38911e-14
23,5,2.06547e-12
23,6,8.23995e-11
23,7,2.01432e-09
23,8,3.37848e-08
23,9,4.12331e-07
23,10,3.78789e-06
23,11,2.67179e-05
23,12,0.000146381
23,13,0.000627924
23,14,0.00213157
23,15,0.00585907
23,16,0.0136286
23,17,0.0283712
23,18,0.0545421
23,19,0.0962835
23,20,0.155227
23,21,0.230023
23,22,0.313408
23,23,0.393706
23,24,0.457445
23,25,0.486748
23,26,0.457445
23,27,0.393706
23,28,0.313408
23,29,0.230023
23,30,0.155227
23,31,0.0962835
23,32,0.0545421
23,33,0.0283712
23,34,0.0136286
23,35,0.00585907
23,36,0.00213157
23,37,0.000627924
23,38,0.000146381
23,39,2.67179e-05
23,40,3.78789e-06
23,41,4.12331e-07
23,42,3.37848e-08
23,43,2.01432e-09
23,44,8.23995e-11
23,45,2.06547e-12
23,46,2.38911e-14
23,47,0
23,48,0
23,49,0
24,0,0
24,1,0
24,2,0
24,3,2.17192e-15
24,4,1.96711e-13
24,5,8.4048e-12
24,6,2.25586e-10
24,7,4.26145e-09
24,8,5.99798e-08
24,9,6.48127e-07
24,10,5.45784e-06
24,11,3.60566e-05
24,12,0.000187467
24,13,0.000770395
24,14,0.00253101
24,15,0.00682158
24,16,0.015754
24,17,0.0327002
24,18,0.0625623
24,19,0.110186
24,20,0.177789
24,21,0.263328
24,22,0.359884
24,23,0.457445
24,24,0.545967
24,25,0.608347
24,26,0.545968
24,27,0.457445
24,28,0.359884
24,29,0.263328
24,30,0.177789
24,31,0.110186
24,32,0.0625623
24,33,0.0327002
24,34,0.015754
24,35,0.00682158
24,36,0.00253101
24,37,0.000770395
24,38,0.000187467
24,39,3.60566e-05
24,40,5.45784e-06
24,41,6.48127e-07
24,42,5.99799e-08
24,43,4.26145e-09
24,44,2.25586e-10
24,45,8.4048e-12
24,46,1.96711e-13
24,47,2.17192e-15
24,48,0
24,49,0
25,0,0
25,1,0
25,2,9.44312e-17
25,3,8.94143e-15
25,4,4.24016e-13
25,5,1.33349e-11
25,6,3.06244e-10
25,7,5.334e-09
25,8,7.16593e-08
25,9,7.49698e-07
25,10,6.14846e-06
25,11,3.97186e-05
25,12,0.000202869
25,13,0.000823218
25,14,0.00268168
25,15,0.00718137
25,16,0.016504
25,17,0.0342222
25,18,0.0656114
25,19,0.115488
25,20,0.185856
25,21,0.275547
25,22,0.378114
25,23,0.486748
25,24,0.608347
25,25,0.800737
25,26,0.608347
25,27,0.486748
25,28,0.378114
25,29,0.275547
25,30,0.185856
25,31,0.115488
25,32,0.0656114
25,33,0.0342222
25,34,0.016504
25,35,0.00718137
25,36,0.00268168
25,37,0.000823218
25,38,0.000202869
25,39,3.97186e-05
25,40,6.14846e-06
25,41,7.49698e-07
25,42,7.16593e-08
25,43,5.334e-09
25,44,3.06244e-10
25,45,1.33349e-11
25,46,4.24016e-13
25,47,8.94143e-15
25,48,9.44312e-17
25,49,0
26,0,0
26,1,0
26,2,0
26,3,2.17192e-15
26,4,1.96711e-13
26,5,8.4048e-12
26,6,2.25586e-10
26,7,4.26145e-09
26,8,5.99798e-08
26,9,6.48127e-07
26,10,5.45784e-06
26,11,3.60566e-05
26,12,0.000187467
26,13,0.000770395
26,14,0.00253101
26,15,0.00682158
26,16,0.015754
26,17,0.0327002
26,18,0.0625623
26,19,0.110186
26,20,0.177789
26,21,0.263328
26,22,0.359884
26,23,0.457445
26,24,0.545967
26,25,0.608347
26,26,0.545968
26,27,0.457445
26,28,0.359884
26,29,0.263328
26,30,0.177789
26,31,0.110186
26,32,0.0625623
26,33,0.0327002
26,34,0.015754
26,35,0.00682158
26,36,0.00253101
26,37,0.000770395
26,38,0.000187467
26,39,3.60566e-05
26,40,5.45784e-06
26,41,6.48127e-07
26,42,5.99799e-08
26,43,4.26145e-09
26,44,2.25586e-10
26,45,8.4048e-12
26,46,1.96711e-13
26,47,2.17192e-15
26,48,0
26,49,0
27,0,0
27,1,0
27,2,0
27,3,0
27,4,2.38911e-14
27,5,2.06547e-12
27,6,8.23995e-11
27,7,2.01432e-09
27,8,3.37848e-08
27,9,4.12331e-07
27,10,3.78789e-06
27,11,2.67179e-05
27,12,0.000146381
27,13,0.000627924
27,14,0.00213157
27,15,0.00585907
27,16,0.0136286
27,17,0.0283712
27,18,0.0545421
27,19,0.0962835
27,20,0.155227
27,21,0.230023
27,22,0.313408
27,23,0.393706
27,24,0.457445
27,25,0.486748
27,26,0.457445
27,27,0.393706
27,28,0.313408
27,29,0.230023
27,30,0.155227
27,31,0.0962835
27,32,0.0545421
27,33,0.0283712
27,34,0.0136286
27,35,0.00585907
27,36,0.00213157
27,37,0.000627924
27,38,0.000146381
27,39,2.67179e-05
27,40,3.78789e-06
27,41,4.12331e-07
27,42,3.37848e-08
27,43,2.01432e-09
27,44,8.23995e-11
27,45,2.06547e-12
27,46,2.38911e-14
27,47,0
27,48,0
27,49,0
28,0,0
28,1,0
28,2,0
28,3,0
28,4,0
28,5,1.67238e-13
28,6,1.37698e-11
28,7,5.16735e-10
28,8,1.17073e-08
28,9,1.78864e-07
28,10,1.95043e-06
28,11,1.56861e-05
28,12,9.49743e-05
28,13,0.000439529
28,14,0.00157989
28,15,0.00452218
28,16,0.0107513
28,17,0.0224719
28,18,0.0431587
28,19,0.0766238
28,20,0.124293
28,21,0.184238
28,22,0.250762
28,23,0.313408
28,24,0.359884
28,25,0.378114
28,26,0.359884
28,27,0.313408
28,28,0.250762
28,29,0.184238
28,30,0.124293
28,31,0.0766238
28,32,0.0431587
28,33,0.0224719
28,34,0.0107513
28,35,0.00452218
28,36,0.00157989
28,37,0.000439529
28,38,9.49743e-05
28,39,1.56861e-05
28,40,1.95043e-06
28,41,1.78864e-07
28,42,1.17073e-08
28,43,5.16735e-10
28,44,1.37698e-11
28,45,1.67238e-13
28,46,0
28,47,0
28,48,0
28,49,0
29,0,0
29,1,0
29,2,0
29,3,0
29,4,0
29,5,0
29,6,8.36189e-13
29,7,6.54065e-11
29,8,2.31184e-09
29,9,4.88205e-08
29,10,6.86443e-07
29,11,6.78422e-06
29,12,4.85715e-05
29,13,0.000256695
29,14,0.00101812
29,15,0.00310765
29,16,0.00764534
29,17,0.0162184
29,18,0.0313341
29,19,0.0557162
29,20,0.0906587
29,21,0.135171
29,22,0.184238
29,23,0.230023
29,24,0.263328
29,25,0.275547
29,26,0.263328
29,27,0.230023
29,28,0.184238
29,29,0.135171
29,30,0.0906587
29,31,0.0557162
29,32,0.0313341
29,33,0.0162184
29,34,0.00764534
29,35,0.00310765
29,36,0.00101812
29,37,0.000256695
29,38,4.85715e-05
29,39,6.78422e-06
29,40,6.86442e-07
29,41,4.88205e-08
29,42,2.31184e-09
29,43,6.54065e-11
29,44,8.36189e-13
29,45,0
29,46,0
29,47,0
29,48,0
29,49,0
30,0,0
30,1,0
30,2,0
30,3,0
30,4,0
30,5,0
30,6,0
30,7,3.17752e-12
30,8,2.35463e-10
30,9,7.83104e-09
30,10,1.54326e-07
30,11,2.00467e-06
30,12,1.80787e-05
30,13,0.000116345
30,14,0.000543177
30,15,0.00187129
30,16,0.00492432
30,17,0.0106275
30,18,0.0205885
30,19,0.037074
30,20,0.0607292
30,21,0.0906587
30,22,0.124293
30,23,0.155227
30,24,0.177789
30,25,0.185856
30,26,0.177789
30,27,0.155227
30,28,0.124293
30,29,0.0906587
30,30,0.0607292
30,31,0.037074
30,32,0.0205885
30,33,0.0106275
30,34,0.00492432
30,35,0.00187129
30,36,0.000543177
30,37,0.000116345
30,38,1.80787e-05
30,39,2.00467e-06
30,40,1.54326e-07
30,41,7.83104e-09
30,42,2.35463e-10
30,43,3.17752e-12
30,44,0
30,45,0
30,46,0
30,47,0
30,48,0
30,49,0
31,0,0
31,1,0
31,2,0
31,3,0
31,4,0
31,5,0
31,6,0
31,7,0
31,8,9.53255e-12
31,9,6.67146e-10
31,10,2.08306e-08
31,11,3.8267e-07
31,12,4.59441e-06
31,13,3.79039e-05
31,14,0.00022042
31,15,0.00091708
31,16,0.00278079
31,17,0.00642822
31,18,0.0124437
31,19,0.0222657
31,20,0.037074
31,21,0.0557162
31,22,0.0766238
31,23,0.0962835
31,24,0.110186
31,25,0.115488
31,26,0.110186
31,27,0.0962835
31,28,0.0766238
31,29,0.0557162
31,30,0.037074
31,31,0.0222657
31,32,0.0124437
31,33,0.00642822
31,34,0.00278079
31,35,0.00091708
31,36,0.00022042
31,37,3.79039e-05
31,38,4.59441e-06
31,39,3.82671e-07
31,40,2.08306e-08
31,41,6.67146e-10
31,42,9.53255e-12
31,43,0
31,44,0
31,45,0
31,46,0
31,47,0
31,48,0
31,49,0
32,0,0
32,1,0
32,2,0
32,3,0
32,4,0
32,5,0
32,6,0
32,7,0
32,8,0
32,9,2.31505e-11
32,10,1.52491e-09
32,11,4.45609e-08
32,12,7.61147e-07
32,13,8.43238e-06
32,14,6.36265e-05
32,15,0.000335072
32,16,0.00125022
32,17,0.0033803
32,18,0.00701357
32,19,0.0124437
32,20,0.0205885
32,21,0.0313341
32,22,0.0431587
32,23,0.0545421
32,24,0.0625623
32,25,0.0656114
32,26,0.0625623
32,27,0.0545421
32,28,0.0431587
32,29,0.0313341
32,30,0.0205885
32,31,0.0124437
32,32,0.00701357
32,33,0.0033803
32,34,0.00125022
32,35,0.000335073
32,36,6.36265e-05
32,37,8.43238e-06
32,38,7.61148e-07
32,39,4.45609e-08
32,40,1.52491e-09
32,41,2.31505e-11
32,42,0
32,43,0
32,44,0
32,45,0
32,46,0
32,47,0
32,48,0
32,49,0
33,0,0
33,1,0
33,2,0
33,3,0
33,4,0
33,5,0
33,6,0
33,7,0
33,8,0
33,9,0
33,10,4.6301e-11
33,11,2.8592e-09
33,12,7.78928e-08
33,13,1.2325e-06
33,14,1.25578e-05
33,15,8.64638e-05
33,16,0.000412278
33,17,0.00138529
33,18,0.0033803
33,19,0.00642822
33,20,0.0106275
33,21,0.0162184
33,22,0.0224719
33,23,0.0283712
33,24,0.0327002
33,25,0.0342222
33,26,0.0327002
33,27,0.0283711
33,28,0.0224719
33,29,0.0162184
33,30,0.0106275
33,31,0.00642822
33,32,0.0033803
33,33,0.00138529
33,34,0.000412278
33,35,8.64638e-05
33,36,1.25578e-05
33,37,1.2325e-06
33,38,7.78928e-08
33,39,2.8592e-09
33,40,4.6301e-11
33,41,0
33,42,0
33,43,0
33,44,0
33,45,0
33,46,0
33,47,0
33,48,0
33,49,0
34,0,0
34,1,0
34,2,0
34,3,0
34,4,0
34,5,0
34,6,0
34,7,0
34,8,0
34,9,0
34,10,0
34,11,7.71683e-11
34,12,4.44764e-09
34,13,1.12433e-07
34,14,1.64007e-06
34,15,1.5296e-05
34,16,9.57077e-05
34,17,0.000412278
34,18,0.00125022
34,19,0.00278079
34,20,0.00492432
34,21,0.00764534
34,22,0.0107513
34,23,0.0136286
34,24,0.015754
34,25,0.016504
34,26,0.015754
34,27,0.0136286
34,28,0.0107513
34,29,0.00764534
34,30,0.00492432
34,31,0.00278079
34,32,0.00125022
34,33,0.000412278
34,34,9.57077e-05
34,35,1.5296e-05
34,36,1.64007e-06
34,37,1.12433e-07
34,38,4.44764e-09
34,39,7.71683e-11
34,40,0
34,41,0
34,42,0
34,43,0
34,44,0
34,45,0
34,46,0
34,47,0
34,48,0
34,49,0
35,0,0
35,1,0
35,2,0
35,3,0
35,4,0
35,5,0
35,6,0
35,7,0
35,8,0
35,9,0
35,10,0
35,11,0
35,12,1.08036e-10
35,13,5.78194e-09
35,14,1.34874e-07
35,15,1.80292e-06
35,16,1.5296e-05
35,17,8.64638e-05
35,18,0.000335072
35,19,0.00091708
35,20,0.00187129
35,21,0.00310765
35,22,0.00452218
35,23,0.00585907
35,24,0.00682158
35,25,0.00718137
35,26,0.00682158
35,27,0.00585907
35,28,0.00452218
35,29,0.00310765
35,30,0.00187129
35,31,0.00091708
35,32,0.000335072
35,33,8.64638e-05
35,34,1.5296e-05
35,35,1.80292e-06
35,36,1.34874e-07
35,37,5.78194e-09
35,38,1.08036e-10
35,39,0
35,40,0
35,41,0
35,42,0
35,43,0
35,44,0
35,45,0
35,46,0
35,47,0
35,48,0
35,49,0
36,0,0
36,1,0
36,2,0
36,3,0
36,4,0
36,5,0
36,6,0
36,7,0
36,8,0
36,9,0
36,10,0
36,11,0
36,12,0
36,13,1.27678e-10
36,14,6.30757e-09
36,15,1.34874e-07
36,16,1.64007e-06
36,17,1.25578e-05
36,18,6.36265e-05
36,19,0.00022042
36,20,0.000543177
36,21,0.00101812
36,22,0.00157989
36,23,0.00213157
36,24,0.00253101
36,25,0.00268168
36,26,0.00253101
36,27,0.00213157
36,28,0.00157989
36,29,0.00101812
36,30,0.000543177
36,31,0.00022042
36,32,6.36265e-05
36,33,1.25578e-05
36,34,1.64007e-06
36,35,1.34874e-07
36,36,6.30757e-09
36,37,1.27678e-10
36,38,0
36,39,0
36,40,0
36,41,0
36,42,0
36,43,0
36,44,0
36,45,0
36,46,0
36,47,0
36,48,0
36,49,0
37,0,0
37,1,0
37,2,0
37,3,0
37,4,0
37,5,0
37,6,0
37,7,0
37,8,0
37,9,0
37,10,0
37,11,0
37,12,0
37,13,0
37,14,1.27678e-10
37,15,5.78194e-09
37,16,1.12433e-07
37,17,1.2325e-06
37,18,8.43238e-06
37,19,3.79039e-05
37,20,0.000116345
37,21,0.000256695
37,22,0.000439529
37,23,0.000627924
37,24,0.000770394
37,25,0.000823218
37,26,0.000770394
37,27,0.000627924
37,28,0.000439529
37,29,0.000256695
37,30,0.000116345
37,31,3.79039e-05
37,32,8.43238e-06
37,33,1.2325e-06
37,34,1.12433e-07
37,35,5.78194e-09
37,36,1.27678e-10
37,37,0
37,38,0
37,39,0
37,40,0
37,41,0
37,42,0
37,43,0
37,44,0
37,45,0
37,46,0
37,47,0
37,48,0
37,49,0
38,0,0
38,1,0
38,2,0
38,3,0
38,4,0
38,5,0
38,6,0
38,7,0
38,8,0
38,9,0
38,10,0
38,11,0
38,12,0
38,13,0
38,14,0
38,15,1.08036e-10
38,16,4.44764e-09
38,17,7.78928e-08
38,18,7.61148e-07
38,19,4.59441e-06
38,20,1.80787e-05
38,21,4.85715e-05
38,22,9.49743e-05
38,23,0.000146381
38,24,0.000187467
38,25,0.000202869
38,26,0.000187467
38,27,0.000146381
38,28,9.49743e-05
38,29,4.85715e-05
38,30,1.80787e-05
38,31,4.59441e-06
38,32,7.61148e-07
38,33,7.78928e-08
38,34,4.44764e-09
38,35,1.08036e-10
38,36,0
38,37,0
38,38,0
38,39,0
38,40,0
38,41,0
38,42,0
38,43,0
38,44,0
38,45,0
38,46,0
38,47,0
38,48,0
38,49,0
39,0,0
39,1,0
39,2,0
39,3,0
39,4,0
39,5,0
39,6,0
39,7,0
39,8,0
39,9,0
39,10,0
39,11,0
39,12,0
39,13,0
39,14,0
39,15,0
39,16,7.71683e-11
39,17,2.8592e-09
39,18,4.45609e-08
39,19,3.82671e-07
39,20,2.00467e-06
39,21,6.78422e-06
39,22,1.56861e-05
39,23,2.67179e-05
39,24,3.60566e-05
39,25,3.97186e-05
39,26,3.60566e-05
39,27,2.67179e-05
39,28,1.56861e-05
39,29,6.78422e-06
39,30,2.00467e-06
39,31,3.82671e-07
39,32,4.45609e-08
39,33,2.8592e-09
39,34,7.71683e-11
39,35,0
39,36,0
39,37,0
39,38,0
39,39,0
39,40,0
39,41,0
39,42,0
39,43,0
39,44,0
39,45,0
39,46,0
39,47,0
39,48,0
39,49,0
40,0,0
40,1,0
40,2,0
40,3,0
40,4,0
40,5,0
40,6,0
40,7,0
40,8,0
40,9,0
40,10,0
40,11,0
40,12,0
40,13,0
40,14,0
40,15,0
40,16,0
40,17,4.6301e-11
40,18,1.52491e-09
40,19,2.08306e-08
40,20,1.54326e-07
40,21,6.86442e-07
40,22,1.95043e-06
40,23,3.78789e-06
40,24,5.45784e-06
40,25,6.14845e-06
40,26,5.45784e-06
40,27,3.78789e-06
40,28,1.95043e-06
40,29,6.86442e-07
40,30,1.54326e-07
40,31,2.08306e-08
40,32,1.52491e-09
40,33,4.6301e-11
40,34,0
40,35,0
40,36,0
40,37,0
40,38,0
40,39,0
40,40,0
40,41,0
40,42,0
40,43,0
40,44,0
40,45,0
40,46,0
40,47,0
40,48,0
40,49,0
41,0,0
41,1,0
41,2,0
41,3,0
41,4,0
41,5,0
41,6,0
41,7,0
41,8,0
41,9,0
41,10,0
41,11,0
41,12,0
41,13,0
41,14,0
41,15,0
41,16,0
41,17,0
41,18,2.31505e-11
41,19,6.67146e-10
41,20,7.83104e-09
41,21,4.88205e-08
41,22,1.78864e-07
41,23,4.12331e-07
41,24,6.48127e-07
41,25,7.49698e-07
41,26,6.48127e-07
41,27,4.12331e-07
41,28,1.78864e-07
41,29,4.88205e-08
41,30,7.83104e-09
41,31,6.67146e-10
41,32,2.31505e-11
41,33,0
41,34,0
41,35,0
41,36,0
41,37,0
41,38,0
41,39,0
41,40,0
41,41,0
41,42,0
41,43,0
41,44,0
41,45,0
41,46,0
41,47,0
41,48,0
41,49,0
42,0,0
42,1,0
42,2,0
42,3,0
42,4,0
42,5,0
42,6,0
42,7,0
42,8,0
42,9,0
42,10,0
42,11,0
42,12,0
42,13,0
42,14,0
42,15,0
42,16,0
42,17,0
42,18,0
42,19,9.53255e-12
42,20,2.35463e-10
42,21,2.31184e-09
42,22,1.17073e-08
42,23,3.37848e-08
42,24,5.99798e-08
42,25,7.16593e-08
42,26,5.99798e-08
42,27,3.37848e-08
42,28,1.17073e-08
42,29,2.31184e-09
42,30,2.35463e-10
42,31,9.53255e-12
42,32,0
42,33,0
42,34,0
42,35,0
42,36,0
42,37,0
42,38,0
42,39,0
42,40,0
42,41,0
42,42,0
42,43,0
42,44,0
42,45,0
42,46,0
42,47,0
42,48,0
42,49,0
43,0,0
43,1,0
43,2,0
43,3,0
43,4,0
43,5,0
43,6,0
43,7,0
43,8,0
43,9,0
43,10,0
43,11,0
43,12,0
43,13,0
43,14,0
43,15,0
43,16,0
43,17,0
43,18,0
43,19,0
43,20,3.17752e-12
43,21,6.54065e-11
43,22,5.16735e-10
43,23,2.01432e-09
43,24,4.26145e-09
43,25,5.334e-09
43,26,4.26145e-09
43,27,2.01432e-09
43,28,5.16735e-10
43,29,6.54065e-11
43,30,3.17752e-12
43,31,0
43,32,0
43,33,0
43,34,0
43,35,0
43,36,0
43,37,0
43,38,0
43,39,0
43,40,0
43,41,0
43,42,0
43,43,0
43,44,0
43,45,0
43,46,0
43,47,0
43,48,0
43,49,0
44,0,0
44,1,0
44,2,0
44,3,0
44,4,0
44,5,0
44,6,0
44,7,0
44,8,0
44,9,0
44,10,0
44,11,0
44,12,0
44,13,0
44,14,0
44,15,0
44,16,0
44,17,0
44,18,0
44,19,0
44,20,0
44,21,8.36189e-13
44,22,1.37698e-11
44,23,8.23995e-11
44,24,2.25586e-10
44,25,3.06244e-10
44,26,2.25586e-10
44,27,8.23995e-11
44,28,1.37698e-11
44,29,8.36189e-13
44,30,0
44,31,0
44,32,0
44,33,0
44,34,0
44,35,0
44,36,0
44,37,0
44,38,0
44,39,0
44,40,0
44,41,0
44,42,0
44,43,0
44,44,0
44,45,0
44,46,0
44,47,0
44,48,0
44,49,0
45,0,0
45,1,0
45,2,0
45,3,0
45,4,0
45,5,0
45,6,0
45,7,0
45,8,0
45,9,0
45,10,0
45,11,0
45,12,0
45,13,0
45,14,0
45,15,0
45,16,0
45,17,0
45,18,0
45,19,0
45,20,0
45,21,0
45,22,1.67238e-13
45,23,2.06547e-12
45,24,8.4048e-12
45,25,1.33349e-11
45,26,8.4048e-12
45,27,2.06547e-12
45,28,1.67238e-13
45,29,0
45,30,0
45,31,0
45,32,0
45,33,0
45,34,0
45,35,0
45,36,0
45,37,0
45,38,0
45,39,0
45,40,0
45,41,0
45,42,0
45,43,0
45,44,0
45,45,0
45,46,0
45,47,0
45,48,0
45,49,0
46,0,0
46,1,0
46,2,0
46,3,0
46,4,0
46,5,0
46,6,0
46,7,0
46,8,0
46,9,0
46,10,0
46,11,0
46,12,0
46,13,0
46,14,0
46,15,0
46,16,0
46,17,0
46,18,0
46,19,0
46,20,0
46,21,0
46,22,0
46,23,2.38911e-14
46,24,1.96711e-13
46,25,4.24016e-13
46,26,1.96711e-13
46,27,2.38911e-14
46,28,0
46,29,0
46,30,0
46,31,0
46,32,0
46,33,0
46,34,0
46,35,0
46,36,0
46,37,0
46,38,0
46,39,0
46,40,0
46,41,0
46,42,0
46,43,0
46,44,0
46,45,0
46,46,0
46,47,0
46,48,0
46,49,0
47,0,0
47,1,0
47,2,0
47,3,0
47,4,0
47,5,0
47,6,0
47,7,0
47,8,0
47,9,0
47,10,0
47,11,0
47,12,0
47,13,0
47,14,0
47,15,0
47,16,0
47,17,0
47,18,0
47,19,0
47,20,0
47,21,0
47,22,0
47,23,0
47,24,2.17192e-15
47,25,8.94143e-15
47,26,2.17192e-15
47,27,0
47,28,0
47,29,0
47,30,0
47,31,0
47,32,0
47,33,0
47,34,0
47,35,0
47,36,0
47,37,0
47,38,0
47,39,0
47,40,0
47,41,0
47,42,0
47,43,0
47,44,0
47,45,0
47,46,0
47,47,0
47,48,0
47,49,0
48,0,0
48,1,0
48,2,0
48,3,0
48,4,0
48,5,0
48,6,0
48,7,0
48,8,0
48,9,0
48,10,0
48,11,0
48,12,0
48,13,0
48,14,0
48,15,0
48,16,0
48,17,0
48,18,0
48,19,0
48,20,0
48,21,0
48,22,0
48,23,0
48,24,0
48,25,9.44312e-17
48,26,0
48,27,0
48,28,0
48,29,0
48,30,0
48,31,0
48,32,0
48,33,0
48,34,0
48,35,0
48,36,0
48,37,0
48,38,0
48,39,0
48,40,0
48,41,0
48,42,0
48,43,0
48,44,0
48,45,0
48,46,0
48,47,0
48,48,0
48,49,0
49,0,0
49,1,0
49,2,0
49,3,0
49,4,0
49,5,0
49,6,0
49,7,0
49,8,0
49,9,0
49,10,0
49,11,0
49,12,0
49,13,0
49,14,0
49,15,0
49,16,0
49,17,0
49,18,0
49,19,0
49,20,0
49,21,0
49,22,0
49,23,0
49,24,0
49,25,0
49,26,0
49,27,0
49,28,0
49,29,0
49,30,0
49,31,0
49,32,0
49,33,0
49,34,0
49,35,0
49,36,0
49,37,0
49,38,0
49,39,0
49,40,0
49,41,0
49,42,0
49,43,0
49,44,0
49,45,0
49,46,0
49,47,0
49,48,0
49,49,0
