0,0,0
0,1,0
0,2,0
0,3,0
0,4,0
0,5,0
0,6,0
0,7,0
0,8,0
0,9,0
0,10,0
0,11,0
0,12,0
0,13,0
0,14,0
0,15,0
0,16,0
0,17,0
0,18,0
0,19,0
0,20,0
0,21,0
0,22,0
0,23,0
0,24,0
0,25,0
0,26,0
0,27,0
0,28,0
0,29,0
0,30,0
0,31,0
0,32,0
0,33,0
0,34,0
0,35,0
0,36,0
0,37,0
0,38,0
0,39,0
0,40,0
0,41,0
0,42,0
0,43,0
0,44,0
0,45,0
0,46,0
0,47,0
0,48,0
0,49,0
1,0,0
1,1,0
1,2,0
1,3,0
1,4,0
1,5,0
1,6,0
1,7,0
1,8,0
1,9,0
1,10,0
1,11,0
1,12,0
1,13,0
1,14,0
1,15,0
1,16,0
1,17,0
1,18,0
1,19,0
1,20,2.73784e-15
1,21,5.60252e-14
1,22,4.45872e-13
1,23,1.77722e-12
1,24,3.88129e-12
1,25,4.94596e-12
1,26,3.88129e-12
1,27,1.77722e-12
1,28,4.45872e-13
1,29,5.60252e-14
1,30,2.73784e-15
1,31,0
1,32,0
1,33,0
1,34,0
1,35,0
1,36,0
1,37,0
1,38,0
1,39,0
1,40,0
1,41,0
1,42,0
1,43,0
1,44,0
1,45,0
1,46,0
1,47,0
1,48,0
1,49,0
2,0,0
2,1,0
2,2,0
2,3,0
2,4,0
2,5,0
2,6,0
2,7,0
2,8,0
2,9,0
2,10,0
2,11,0
2,12,0
2,13,0
2,14,0
2,15,0
2,16,0
2,17,0
2,18,0
2,19,1.09513e-14
2,20,2.68921e-13
2,21,2.65986e-12
2,22,1.37868e-11
2,23,4.13289e-11
2,24,7.63402e-11
2,25,9.26041e-11
2,26,7.63402e-11
2,27,4.13289e-11
2,28,1.37868e-11
2,29,2.65986e-12
2,30,2.68921e-13
2,31,1.09513e-14
2,32,0
2,33,0
2,34,0
2,35,0
2,36,0
2,37,0
2,38,0
2,39,0
2,40,0
2,41,0
2,42,0
2,43,0
2,44,0
2,45,0
2,46,0
2,47,0
2,48,0
2,49,0
3,0,0
3,1,0
3,2,0
3,3,0
3,4,0
3,5,0
3,6,0
3,7,0
3,8,0
3,9,0
3,10,0
3,11,0
3,12,0
3,13,0
3,14,0
3,15,0
3,16,0
3,17,0
3,18,3.5983e-14
3,19,1.03086e-12
3,20,1.21877e-11
3,21,7.77837e-11
3,22,2.96909e-10
3,23,7.21144e-10
3,24,1.18322e-09
3,25,1.38716e-09
3,26,1.18322e-09
3,27,7.21144e-10
3,28,2.96909e-10
3,29,7.77837e-11
3,30,1.21877e-11
3,31,1.03086e-12
3,32,3.5983e-14
3,33,0
3,34,0
3,35,0
3,36,0
3,37,0
3,38,0
3,39,0
3,40,0
3,41,0
3,42,0
3,43,0
3,44,0
3,45,0
3,46,0
3,47,0
3,48,0
3,49,0
4,0,0
4,1,0
4,2,0
4,3,0
4,4,0
4,5,0
4,6,0
4,7,0
4,8,0
4,9,0
4,10,0
4,11,0
4,12,0
4,13,0
4,14,0
4,15,0
4,16,0
4,17,9.89533e-14
4,18,3.23986e-12
4,19,4.45673e-11
4,20,3.37982e-10
4,21,1.56863e-09
4,22,4.73176e-09
4,23,9.79074e-09
4,24,1.47287e-08
4,25,1.68179e-08
4,26,1.47287e-08
4,27,9.79074e-09
4,28,4.73176e-09
4,29,1.56863e-09
4,30,3.37982e-10
4,31,4.45673e-11
4,32,3.23986e-12
4,33,9.89533e-14
4,34,0
4,35,0
4,36,0
4,37,0
4,38,0
4,39,0
4,40,0
4,41,0
4,42,0
4,43,0
4,44,0
4,45,0
4,46,0
4,47,0
4,48,0
4,49,0
5,0,0
5,1,0
5,2,0
5,3,0
5,4,0
5,5,0
5,6,0
5,7,0
5,8,0
5,9,0
5,10,0
5,11,0
5,12,0
5,13,0
5,14,0
5,15,0
5,16,2.30891e-13
5,17,8.50462e-12
5,18,1.33441e-10
5,19,1.17263e-09
5,20,6.41324e-09
5,21,2.31451e-08
5,22,5.78517e-08
5,23,1.05689e-07
5,24,1.48753e-07
5,25,1.66243e-07
5,26,1.48753e-07
5,27,1.05689e-07
5,28,5.78517e-08
5,29,2.31451e-08
5,30,6.41324e-09
5,31,1.17263e-09
5,32,1.33441e-10
5,33,8.50462e-12
5,34,2.30891e-13
5,35,0
5,36,0
5,37,0
5,38,0
5,39,0
5,40,0
5,41,0
5,42,0
5,43,0
5,44,0
5,45,0
5,46,0
5,47,0
5,48,0
5,49,0
6,0,0
6,1,0
6,2,0
6,3,0
6,4,0
6,5,0
6,6,0
6,7,0
6,8,0
6,9,0
6,10,0
6,11,0
6,12,0
6,13,0
6,14,0
6,15,4.61782e-13
6,16,1.88992e-11
6,17,3.33124e-10
6,18,3.3293e-09
6,19,2.09772e-08
6,20,8.8228e-08
6,21,2.58761e-07
6,22,5.55025e-07
6,23,9.18804e-07
6,24,1.2258e-06
6,25,1.34604e-06
6,26,1.2258e-06
6,27,9.18804e-07
6,28,5.55024e-07
6,29,2.58761e-07
6,30,8.8228e-08
6,31,2.09772e-08
6,32,3.3293e-09
6,33,3.33124e-10
6,34,1.88992e-11
6,35,4.61782e-13
6,36,0
6,37,0
6,38,0
6,39,0
6,40,0
6,41,0
6,42,0
6,43,0
6,44,0
6,45,0
6,46,0
6,47,0
6,48,0
6,49,0
7,0,0
7,1,0
7,2,0
7,3,0
7,4,0
7,5,0
7,6,0
7,7,0
7,8,0
7,9,0
7,10,0
7,11,0
7,12,0
7,13,0
7,14,7.97623e-13
7,15,3.59084e-11
7,16,7.02518e-10
7,17,7.87071e-09
7,18,5.61674e-08
7,19,2.70018e-07
7,20,9.09991e-07
7,21,2.24043e-06
7,22,4.23812e-06
7,23,6.47809e-06
7,24,8.26627e-06
7,25,8.94793e-06
7,26,8.26627e-06
7,27,6.47809e-06
7,28,4.23812e-06
7,29,2.24043e-06
7,30,9.09991e-07
7,31,2.70018e-07
7,32,5.61674e-08
7,33,7.87071e-09
7,34,7.02518e-10
7,35,3.59084e-11
7,36,7.97623e-13
7,37,0
7,38,0
7,39,0
7,40,0
7,41,0
7,42,0
7,43,0
7,44,0
7,45,0
7,46,0
7,47,0
7,48,0
7,49,0
8,0,0
8,1,0
8,2,0
8,3,0
8,4,0
8,5,0
8,6,0
8,7,0
8,8,0
8,9,0
8,10,0
8,11,0
8,12,0
8,13,1.19643e-12
8,14,5.87592e-11
8,15,1.26356e-09
8,16,1.56885e-08
8,17,1.25129e-07
8,18,6.77424e-07
8,19,2.58245e-06
8,20,7.1817e-06
8,21,1.52353e-05
8,22,2.5981e-05
8,23,3.71721e-05
8,24,4.56828e-05
8,25,4.88698e-05
8,26,4.56828e-05
8,27,3.71721e-05
8,28,2.5981e-05
8,29,1.52353e-05
8,30,7.1817e-06
8,31,2.58245e-06
8,32,6.77424e-07
8,33,1.25129e-07
8,34,1.56885e-08
8,35,1.26356e-09
8,36,5.87592e-11
8,37,1.19643e-12
8,38,0
8,39,0
8,40,0
8,41,0
8,42,0
8,43,0
8,44,0
8,45,0
8,46,0
8,47,0
8,48,0
8,49,0
9,0,0
9,1,0
9,2,0
9,3,0
9,4,0
9,5,0
9,6,0
9,7,0
9,8,0
9,9,0
9,10,0
9,11,0
9,12,1.56457e-12
9,13,8.32422e-11
9,14,1.95172e-09
9,15,2.66065e-08
9,16,2.34671e-07
9,17,1.41406e-06
9,18,6.02394e-06
9,19,1.86988e-05
9,20,4.39299e-05
9,21,8.21374e-05
9,22,0.000128547
9,23,0.000173943
9,24,0.000207126
9,25,0.000219371
9,26,0.000207126
9,27,0.000173943
9,28,0.000128547
9,29,8.21374e-05
9,30,4.39298e-05
9,31,1.86988e-05
9,32,6.02394e-06
9,33,1.41406e-06
9,34,2.34671e-07
9,35,2.66065e-08
9,36,1.95172e-09
9,37,8.32422e-11
9,38,1.56457e-12
9,39,0
9,40,0
9,41,0
9,42,0
9,43,0
9,44,0
9,45,0
9,46,0
9,47,0
9,48,0
9,49,0
10,0,0
10,1,0
10,2,0
10,3,0
10,4,0
10,5,0
10,6,0
10,7,0
10,8,0
10,9,0
10,10,0
10,11,1.78808e-12
10,12,1.02452e-10
10,13,2.6014e-09
10,14,3.8638e-08
10,15,3.73614e-07
10,16,2.48227e-06
10,17,1.17037e-05
10,18,4.01854e-05
10,19,0.000103665
10,20,0.000210185
10,21,0.000353702
10,22,0.000515613
10,23,0.00066581
10,24,0.000772532
10,25,0.000811199
10,26,0.000772532
10,27,0.00066581
10,28,0.000515613
10,29,0.000353702
10,30,0.000210185
10,31,0.000103665
10,32,4.01854e-05
10,33,1.17037e-05
10,34,2.48227e-06
10,35,3.73614e-07
10,36,3.8638e-08
10,37,2.6014e-09
10,38,1.02452e-10
10,39,1.78808e-12
10,40,0
10,41,0
10,42,0
10,43,0
10,44,0
10,45,0
10,46,0
10,47,0
10,48,0
10,49,0
11,0,0
11,1,0
11,2,0
11,3,0
11,4,0
11,5,0
11,6,0
11,7,0
11,8,0
11,9,0
11,10,1.78808e-12
11,11,1.0977e-10
11,12,3.00112e-09
11,13,4.82527e-08
11,14,5.07878e-07
11,15,3.69205e-06
11,16,1.91181e-05
11,17,7.21075e-05
11,18,0.000203084
11,19,0.000443699
11,20,0.000794042
11,21,0.00122749
11,22,0.00168909
11,23,0.00210084
11,24,0.00238796
11,25,0.00249002
11,26,0.00238796
11,27,0.00210084
11,28,0.00168909
11,29,0.00122749
11,30,0.000794042
11,31,0.000443699
11,32,0.000203084
11,33,7.21075e-05
11,34,1.91181e-05
11,35,3.69205e-06
11,36,5.07878e-07
11,37,4.82527e-08
11,38,3.00112e-09
11,39,1.0977e-10
11,40,1.78808e-12
11,41,0
11,42,0
11,43,0
11,44,0
11,45,0
11,46,0
11,47,0
11,48,0
11,49,0
12,0,0
12,1,0
12,2,0
12,3,0
12,4,0
12,5,0
12,6,0
12,7,0
12,8,0
12,9,1.56457e-12
12,10,1.02452e-10
12,11,3.00112e-09
12,12,5.19487e-08
12,13,5.91625e-07
12,14,4.6762e-06
12,15,2.64279e-05
12,16,0.000108906
12,17,0.000333643
12,18,0.000783368
12,19,0.00148257
12,20,0.0024048
12,21,0.00348636
12,22,0.00459122
12,23,0.00555792
12,24,0.00622114
12,25,0.0064562
12,26,0.00622114
12,27,0.00555792
12,28,0.00459122
12,29,0.00348636
12,30,0.0024048
12,31,0.00148257
12,32,0.000783368
12,33,0.000333643
12,34,0.000108906
12,35,2.64279e-05
12,36,4.6762e-06
12,37,5.91625e-07
12,38,5.19487e-08
12,39,3.00112e-09
12,40,1.02452e-10
12,41,1.56457e-12
12,42,0
12,43,0
12,44,0
12,45,0
12,46,0
12,47,0
12,48,0
12,49,0
13,0,0
13,1,0
13,2,0
13,3,0
13,4,0
13,5,0
13,6,0
13,7,0
13,8,1.19643e-12
13,9,8.32422e-11
13,10,2.6014e-09
13,11,4.82527e-08
13,12,5.91625e-07
13,13,5.05786e-06
13,14,3.10417e-05
13,15,0.000139191
13,16,0.000462874
13,17,0.00116811
13,18,0.0023368
13,19,0.00395681
13,20,0.00600389
13,21,0.00833335
13,22,0.0106659
13,23,0.0126953
13,24,0.0140657
13,25,0.0145596
13,26,0.0140657
13,27,0.0126953
13,28,0.0106659
13,29,0.00833335
13,30,0.00600389
13,31,0.00395681
13,32,0.0023368
13,33,0.00116811
13,34,0.000462874
13,35,0.000139191
13,36,3.10417e-05
13,37,5.05786e-06
13,38,5.91625e-07
13,39,4.82527e-08
13,40,2.6014e-09
13,41,8.32422e-11
13,42,1.19643e-12
13,43,0
13,44,0
13,45,0
13,46,0
13,47,0
13,48,0
13,49,0
14,0,0
14,1,0
14,2,0
14,3,0
14,4,0
14,5,0
14,6,0
14,7,7.97623e-13
14,8,5.87592e-11
14,9,1.95172e-09
14,10,3.8638e-08
14,11,5.07878e-07
14,12,4.6762e-06
14,13,3.10417e-05
14,14,0.000151003
14,15,0.000544626
14,16,0.00148079
14,17,0.00314453
14,18,0.005564
14,19,0.00881675
14,20,0.0129085
14,21,0.0174723
14,22,0.022039
14,23,0.0259568
14,24,0.0285924
14,25,0.0295376
14,26,0.0285924
14,27,0.0259568
14,28,0.022039
14,29,0.0174723
14,30,0.0129085
14,31,0.00881675
14,32,0.005564
14,33,0.00314453
14,34,0.00148079
14,35,0.000544626
14,36,0.000151003
14,37,3.10417e-05
14,38,4.6762e-06
14,39,5.07878e-07
14,40,3.8638e-08
14,41,1.95172e-09
14,42,5.87592e-11
14,43,7.97623e-13
14,44,0
14,45,0
14,46,0
14,47,0
14,48,0
14,49,0
15,0,0
15,1,0
15,2,0
15,3,0
15,4,0
15,5,0
15,6,4.61782e-13
15,7,3.59084e-11
15,8,1.26356e-09
15,9,2.66065e-08
15,10,3.73614e-07
15,11,3.69205e-06
15,12,2.64279e-05
15,13,0.000139191
15,14,0.000544626
15,15,0.00160196
15,16,0.00364054
15,17,0.00678252
15,18,0.0112503
15,19,0.0174217
15,20,0.025046
15,21,0.0334423
15,22,0.041776
15,23,0.0487389
15,24,0.0534545
15,25,0.0550679
15,26,0.0534545
15,27,0.0487389
15,28,0.041776
15,29,0.0334423
15,30,0.025046
15,31,0.0174217
15,32,0.0112503
15,33,0.00678252
15,34,0.00364054
15,35,0.00160196
15,36,0.000544626
15,37,0.000139191
15,38,2.64279e-05
15,39,3.69205e-06
15,40,3.73614e-07
15,41,2.66065e-08
15,42,1.26356e-09
15,43,3.59084e-11
15,44,4.61782e-13
15,45,0
15,46,0
15,47,0
15,48,0
15,49,0
16,0,0
16,1,0
16,2,0
16,3,0
16,4,0
16,5,2.30891e-13
16,6,1.88992e-11
16,7,7.02518e-10
16,8,1.56885e-08
16,9,2.34671e-07
16,10,2.48227e-06
16,11,1.91181e-05
16,12,0.000108906
16,13,0.000462874
16,14,0.00148079
16,15,0.00364054
16,16,0.00723697
16,17,0.0126567
16,18,0.0207629
16,19,0.0318096
16,20,0.0449497
16,21,0.0592972
16,22,0.0730276
16,23,0.0843494
16,24,0.0918827
16,25,0.0944269
16,26,0.0918827
16,27,0.0843494
16,28,0.0730276
16,29,0.0592972
16,30,0.0449497
16,31,0.0318096
16,32,0.0207629
16,33,0.0126567
16,34,0.00723697
16,35,0.00364054
16,36,0.00148079
16,37,0.000462874
16,38,0.000108906
16,39,1.91181e-05
16,40,2.48227e-06
16,41,2.34671e-07
16,42,1.56885e-08
16,43,7.02518e-10
16,44,1.88992e-11
16,45,2.30891e-13
16,46,0
16,47,0
16,48,0
16,49,0
17,0,0
17,1,0
17,2,0
17,3,0
17,4,9.89533e-14
17,5,8.50462e-12
17,6,3.33124e-10
17,7,7.87071e-09
17,8,1.25129e-07
17,9,1.41406e-06
17,10,1.17037e-05
17,11,7.21075e-05
17,12,0.000333643
17,13,0.00116811
17,14,0.00314453
17,15,0.00678252
17,16,0.0126567
17,17,0.0219991
17,18,0.0358755
17,19,0.053702
17,20,0.0745237
17,21,0.0966176
17,22,0.116933
17,23,0.133587
17,24,0.144152
17,25,0.147928
17,26,0.144152
17,27,0.133587
17,28,0.116933
17,29,0.0966176
17,30,0.0745237
17,31,0.053702
17,32,0.0358755
17,33,0.0219991
17,34,0.0126567
17,35,0.00678252
17,36,0.00314453
17,37,0.00116811
17,38,0.000333643
17,39,7.21075e-05
17,40,1.17037e-05
17,41,1.41406e-06
17,42,1.25129e-07
17,43,7.87071e-09
17,44,3.33124e-10
17,45,8.50462e-12
17,46,9.89533e-14
17,47,0
17,48,0
17,49,0
18,0,0
18,1,0
18,2,0
18,3,3.5983e-14
18,4,3.23986e-12
18,5,1.33441e-10
18,6,3.3293e-09
18,7,5.61674e-08
18,8,6.77424e-07
18,9,6.02394e-06
18,10,4.01854e-05
18,11,0.000203084
18,12,0.000783368
18,13,0.0023368
18,14,0.005564
18,15,0.0112503
18,16,0.0207629
18,17,0.0358755
18,18,0.0569947
18,19,0.0833406
18,20,0.113615
18,21,0.144115
18,22,0.171612
18,23,0.193226
18,24,0.206611
18,25,0.211364
18,26,0.206611
18,27,0.193226
18,28,0.171612
18,29,0.144115
18,30,0.113615
18,31,0.0833406
18,32,0.0569947
18,33,0.0358755
18,34,0.0207629
18,35,0.0112503
18,36,0.005564
18,37,0.0023368
18,38,0.000783368
18,39,0.000203084
18,40,4.01854e-05
18,41,6.02394e-06
18,42,6.77424e-07
18,43,5.61674e-08
18,44,3.3293e-09
18,45,1.33441e-10
18,46,3.23986e-12
18,47,3.5983e-14
18,48,0
18,49,0
19,0,0
19,1,0
19,2,1.09513e-14
19,3,1.03086e-12
19,4,4.45673e-11
19,5,1.17263e-09
19,6,2.09772e-08
19,7,2.70019e-07
19,8,2.58245e-06
19,9,1.86988e-05
19,10,0.000103665
19,11,0.000443699
19,12,0.00148257
19,13,0.00395681
19,14,0.00881675
19,15,0.0174217
19,16,0.0318096
19,17,0.053702
19,18,0.0833406
19,19,0.119759
19,20,0.159608
19,21,0.198113
19,22,0.231524
19,23,0.256083
19,24,0.271118
19,25,0.275932
19,26,0.271119
19,27,0.256083
19,28,0.231524
19,29,0.198113
19,30,0.159608
19,31,0.119759
19,32,0.0833406
19,33,0.053702
19,34,0.0318096
19,35,0.0174217
19,36,0.00881675
19,37,0.00395681
19,38,0.00148257
19,39,0.000443699
19,40,0.000103665
19,41,1.86988e-05
19,42,2.58245e-06
19,43,2.70018e-07
19,44,2.09772e-08
19,45,1.17263e-09
19,46,4.45673e-11
19,47,1.03086e-12
19,48,1.09513e-14
19,49,0
20,0,0
20,1,2.73784e-15
20,2,2.68921e-13
20,3,1.21877e-11
20,4,3.37982e-10
20,5,6.41324e-09
20,6,8.8228e-08
20,7,9.09991e-07
20,8,7.1817e-06
20,9,4.39299e-05
20,10,0.000210185
20,11,0.000794042
20,12,0.0024048
20,13,0.00600389
20,14,0.0129085
20,15,0.025046
20,16,0.0449497
20,17,0.0745237
20,18,0.113615
20,19,0.159608
20,20,0.20764
20,21,0.25199
20,22,0.287553
20,23,0.312008
20,24,0.325703
20,25,0.329898
20,26,0.325703
20,27,0.312008
20,28,0.287553
20,29,0.25199
20,30,0.20764
20,31,0.159608
20,32,0.113615
20,33,0.0745237
20,34,0.0449497
20,35,0.025046
20,36,0.0129085
20,37,0.00600389
20,38,0.0024048
20,39,0.000794042
20,40,0.000210185
20,41,4.39298e-05
20,42,7.1817e-06
20,43,9.09991e-07
20,44,8.8228e-08
20,45,6.41324e-09
20,46,3.37982e-10
20,47,1.21877e-11
20,48,2.68921e-13
20,49,2.2658e-15
21,0,0
21,1,5.60252e-14
21,2,2.65986e-12
21,3,7.77837e-11
21,4,1.56863e-09
21,5,2.31451e-08
21,6,2.58761e-07
21,7,2.24043e-06
21,8,1.52354e-05
21,9,8.21375e-05
21,10,0.000353702
21,11,0.00122749
21,12,0.00348636
21,13,0.00833335
21,14,0.0174723
21,15,0.0334423
21,16,0.0592972
21,17,0.0966176
21,18,0.144115
21,19,0.198113
21,20,0.25199
21,21,0.298004
21,22,0.331555
21,23,0.35146
21,24,0.360569
21,25,0.362845
21,26,0.360569
21,27,0.35146
21,28,0.331555
21,29,0.298004
21,30,0.25199
21,31,0.198113
21,32,0.144115
21,33,0.0966176
21,34,0.0592972
21,35,0.0334423
21,36,0.0174723
21,37,0.00833335
21,38,0.00348636
21,39,0.00122749
21,40,0.000353702
21,41,8.21375e-05
21,42,1.52353e-05
21,43,2.24043e-06
21,44,2.58761e-07
21,45,2.31451e-08
21,46,1.56863e-09
21,47,7.77837e-11
21,48,2.65978e-12
21,49,4.92354e-14
22,0,0
22,1,4.45872e-13
22,2,1.37868e-11
22,3,2.96909e-10
22,4,4.73176e-09
22,5,5.78517e-08
22,6,5.55025e-07
22,7,4.23812e-06
22,8,2.5981e-05
22,9,0.000128547
22,10,0.000515613
22,11,0.00168909
22,12,0.00459122
22,13,0.0106659
22,14,0.022039
22,15,0.041776
22,16,0.0730276
22,17,0.116933
22,18,0.171612
22,19,0.231524
22,20,0.287553
22,21,0.331555
22,22,0.358827
22,23,0.370037
22,24,0.371246
22,25,0.369852
22,26,0.371246
22,27,0.370037
22,28,0.358827
22,29,0.331555
22,30,0.287553
22,31,0.231524
22,32,0.171612
22,33,0.116933
22,34,0.0730276
22,35,0.041776
22,36,0.022039
22,37,0.0106659
22,38,0.00459122
22,39,0.00168909
22,40,0.000515613
22,41,0.000128547
22,42,2.5981e-05
22,43,4.23812e-06
22,44,5.55024e-07
22,45,5.78517e-08
22,46,4.73176e-09
22,47,2.96909e-10
22,48,1.3786e-11
22,49,4.17382e-13
23,0,0
23,1,1.77722e-12
23,2,4.13289e-11
23,3,7.21144e-10
23,4,9.79074e-09
23,5,1.05689e-07
23,6,9.18804e-07
23,7,6.47809e-06
23,8,3.71721e-05
23,9,0.000173943
23,10,0.00066581
23,11,0.00210084
23,12,0.00555792
23,13,0.0126953
23,14,0.0259568
23,15,0.0487389
23,16,0.0843494
23,17,0.133587
23,18,0.193226
23,19,0.256083
23,20,0.312008
23,21,0.35146
23,22,0.370037
23,23,0.370088
23,24,0.360015
23,25,0.352464
23,26,0.360015
23,27,0.370088
23,28,0.370037
23,29,0.35146
23,30,0.312008
23,31,0.256083
23,32,0.193226
23,33,0.133587
23,34,0.0843494
23,35,0.0487389
23,36,0.0259568
23,37,0.0126953
23,38,0.00555792
23,39,0.00210084
23,40,0.00066581
23,41,0.000173943
23,42,3.71721e-05
23,43,6.47809e-06
23,44,9.18803e-07
23,45,1.05689e-07
23,46,9.79074e-09
23,47,7.21144e-10
23,48,4.13275e-11
23,49,1.77119e-12
24,0,0
24,1,3.88129e-12
24,2,7.63402e-11
24,3,1.18322e-09
24,4,1.47287e-08
24,5,1.48753e-07
24,6,1.2258e-06
24,7,8.26627e-06
24,8,4.56828e-05
24,9,0.000207126
24,10,0.000772532
24,11,0.00238796
24,12,0.00622114
24,13,0.0140657
24,14,0.0285924
24,15,0.0534545
24,16,0.0918827
24,17,0.144152
24,18,0.206611
24,19,0.271118
24,20,0.325703
24,21,0.360569
24,22,0.371246
24,23,0.360015
24,24,0.335998
24,25,0.314363
24,26,0.335998
24,27,0.360015
24,28,0.371245
24,29,0.360569
24,30,0.325703
24,31,0.271119
24,32,0.206611
24,33,0.144152
24,34,0.0918827
24,35,0.0534545
24,36,0.0285924
24,37,0.0140657
24,38,0.00622114
24,39,0.00238796
24,40,0.000772532
24,41,0.000207126
24,42,4.56828e-05
24,43,8.26627e-06
24,44,1.2258e-06
24,45,1.48753e-07
24,46,1.47287e-08
24,47,1.18322e-09
24,48,7.63449e-11
24,49,4.07363e-12
25,0,0
25,1,4.94596e-12
25,2,9.26041e-11
25,3,1.38716e-09
25,4,1.68179e-08
25,5,1.66243e-07
25,6,1.34604e-06
25,7,8.94793e-06
25,8,4.88698e-05
25,9,0.000219372
25,10,0.000811199
25,11,0.00249002
25,12,0.0064562
25,13,0.0145596
25,14,0.0295376
25,15,0.0550679
25,16,0.0944269
25,17,0.147928
25,18,0.211364
25,19,0.275932
25,20,0.329898
25,21,0.362845
25,22,0.369852
25,23,0.352464
25,24,0.314363
25,25,0.249352
25,26,0.314363
25,27,0.352464
25,28,0.369852
25,29,0.362845
25,30,0.329898
25,31,0.275932
25,32,0.211364
25,33,0.147928
25,34,0.0944269
25,35,0.0550679
25,36,0.0295376
25,37,0.0145596
25,38,0.0064562
25,39,0.00249002
25,40,0.000811199
25,41,0.000219372
25,42,4.88698e-05
25,43,8.94793e-06
25,44,1.34604e-06
25,45,1.66243e-07
25,46,1.68179e-08
25,47,1.38716e-09
25,48,9.26172e-11
25,49,5.3011e-12
26,0,0
26,1,3.88129e-12
26,2,7.63402e-11
26,3,1.18322e-09
26,4,1.47287e-08
26,5,1.48753e-07
26,6,1.2258e-06
26,7,8.26627e-06
26,8,4.56828e-05
26,9,0.000207126
26,10,0.000772532
26,11,0.00238796
26,12,0.00622114
26,13,0.0140657
26,14,0.0285924
26,15,0.0534545
26,16,0.0918827
26,17,0.144152
26,18,0.206611
26,19,0.271118
26,20,0.325703
26,21,0.360569
26,22,0.371246
26,23,0.360015
26,24,0.335998
26,25,0.314363
26,26,0.335998
26,27,0.360015
26,28,0.371245
26,29,0.360569
26,30,0.325703
26,31,0.271119
26,32,0.206611
26,33,0.144152
26,34,0.0918827
26,35,0.0534545
26,36,0.0285924
26,37,0.0140657
26,38,0.00622114
26,39,0.00238796
26,40,0.000772532
26,41,0.000207126
26,42,4.56828e-05
26,43,8.26627e-06
26,44,1.2258e-06
26,45,1.48753e-07
26,46,1.47287e-08
26,47,1.18322e-09
26,48,7.63449e-11
26,49,4.07363e-12
27,0,0
27,1,1.77722e-12
27,2,4.13289e-11
27,3,7.21144e-10
27,4,9.79074e-09
27,5,1.05689e-07
27,6,9.18804e-07
27,7,6.47809e-06
27,8,3.71721e-05
27,9,0.000173943
27,10,0.00066581
27,11,0.00210084
27,12,0.00555792
27,13,0.0126953
27,14,0.0259568
27,15,0.0487389
27,16,0.0843494
27,17,0.133587
27,18,0.193226
27,19,0.256083
27,20,0.312008
27,21,0.35146
27,22,0.370037
27,23,0.370088
27,24,0.360015
27,25,0.352464
27,26,0.360015
27,27,0.370088
27,28,0.370037
27,29,0.35146
27,30,0.312008
27,31,0.256083
27,32,0.193226
27,33,0.133587
27,34,0.0843494
27,35,0.0487389
27,36,0.0259568
27,37,0.0126953
27,38,0.00555792
27,39,0.00210084
27,40,0.00066581
27,41,0.000173943
27,42,3.71721e-05
27,43,6.47809e-06
27,44,9.18803e-07
27,45,1.05689e-07
27,46,9.79074e-09
27,47,7.21144e-10
27,48,4.13275e-11
27,49,1.77119e-12
28,0,0
28,1,4.45872e-13
28,2,1.37868e-11
28,3,2.96909e-10
28,4,4.73176e-09
28,5,5.78517e-08
28,6,5.55025e-07
28,7,4.23812e-06
28,8,2.5981e-05
28,9,0.000128547
28,10,0.000515613
28,11,0.00168909
28,12,0.00459122
28,13,0.0106659
28,14,0.022039
28,15,0.041776
28,16,0.0730276
28,17,0.116933
28,18,0.171612
28,19,0.231524
28,20,0.287553
28,21,0.331555
28,22,0.358827
28,23,0.370037
28,24,0.371246
28,25,0.369852
28,26,0.371246
28,27,0.370037
28,28,0.358827
28,29,0.331555
28,30,0.287553
28,31,0.231524
28,32,0.171612
28,33,0.116933
28,34,0.0730276
28,35,0.041776
28,36,0.022039
28,37,0.0106659
28,38,0.00459122
28,39,0.00168909
28,40,0.000515613
28,41,0.000128547
28,42,2.5981e-05
28,43,4.23812e-06
28,44,5.55024e-07
28,45,5.78517e-08
28,46,4.73176e-09
28,47,2.96909e-10
28,48,1.3786e-11
28,49,4.17382e-13
29,0,0
29,1,5.60252e-14
29,2,2.65986e-12
29,3,7.77837e-11
29,4,1.56863e-09
29,5,2.31451e-08
29,6,2.58761e-07
29,7,2.24043e-06
29,8,1.52354e-05
29,9,8.21375e-05
29,10,0.000353702
29,11,0.00122749
29,12,0.00348636
29,13,0.00833335
29,14,0.0174723
29,15,0.0334423
29,16,0.0592972
29,17,0.0966176
29,18,0.144115
29,19,0.198113
29,20,0.25199
29,21,0.298004
29,22,0.331555
29,23,0.35146
29,24,0.360569
29,25,0.362845
29,26,0.360569
29,27,0.35146
29,28,0.331555
29,29,0.298004
29,30,0.25199
29,31,0.198113
29,32,0.144115
29,33,0.0966176
29,34,0.0592972
29,35,0.0334423
29,36,0.0174723
29,37,0.00833335
29,38,0.00348636
29,39,0.00122749
29,40,0.000353702
29,41,8.21375e-05
29,42,1.52353e-05
29,43,2.24043e-06
29,44,2.58761e-07
29,45,2.31451e-08
29,46,1.56863e-09
29,47,7.77837e-11
29,48,2.65978e-12
29,49,4.92354e-14
30,0,0
30,1,2.73784e-15
30,2,2.68921e-13
30,3,1.21877e-11
30,4,3.37982e-10
30,5,6.41324e-09
30,6,8.8228e-08
30,7,9.09991e-07
30,8,7.1817e-06
30,9,4.39299e-05
30,10,0.000210185
30,11,0.000794042
30,12,0.0024048
30,13,0.00600389
30,14,0.0129085
30,15,0.025046
30,16,0.0449497
30,17,0.0745237
30,18,0.113615
30,19,0.159608
30,20,0.20764
30,21,0.25199
30,22,0.287553
30,23,0.312008
30,24,0.325703
30,25,0.329898
30,26,0.325703
30,27,0.312008
30,28,0.287553
30,29,0.25199
30,30,0.20764
30,31,0.159608
30,32,0.113615
30,33,0.0745237
30,34,0.0449497
30,35,0.025046
30,36,0.0129085
30,37,0.00600389
30,38,0.0024048
30,39,0.000794042
30,40,0.000210185
30,41,4.39298e-05
30,42,7.1817e-06
30,43,9.09991e-07
30,44,8.8228e-08
30,45,6.41324e-09
30,46,3.37982e-10
30,47,1.21877e-11
30,48,2.68921e-13
30,49,2.2658e-15
31,0,0
31,1,0
31,2,1.09513e-14
31,3,1.03086e-12
31,4,4.45673e-11
31,5,1.17263e-09
31,6,2.09772e-08
31,7,2.70019e-07
31,8,2.58245e-06
31,9,1.86988e-05
31,10,0.000103665
31,11,0.000443699
31,12,0.00148257
31,13,0.00395681
31,14,0.00881675
31,15,0.0174217
31,16,0.0318096
31,17,0.053702
31,18,0.0833406
31,19,0.119759
31,20,0.159608
31,21,0.198113
31,22,0.231524
31,23,0.256083
31,24,0.271118
31,25,0.275932
31,26,0.271119
31,27,0.256083
31,28,0.231524
31,29,0.198113
31,30,0.159608
31,31,0.119759
31,32,0.0833406
31,33,0.053702
31,34,0.0318096
31,35,0.0174217
31,36,0.00881675
31,37,0.00395681
31,38,0.00148257
31,39,0.000443699
31,40,0.000103665
31,41,1.86988e-05
31,42,2.58245e-06
31,43,2.70018e-07
31,44,2.09772e-08
31,45,1.17263e-09
31,46,4.45673e-11
31,47,1.03086e-12
31,48,1.09513e-14
31,49,0
32,0,0
32,1,0
32,2,0
32,3,3.5983e-14
32,4,3.23986e-12
32,5,1.33441e-10
32,6,3.3293e-09
32,7,5.61674e-08
32,8,6.77424e-07
32,9,6.02394e-06
32,10,4.01854e-05
32,11,0.000203084
32,12,0.000783368
32,13,0.0023368
32,14,0.005564
32,15,0.0112503
32,16,0.0207629
32,17,0.0358755
32,18,0.0569947
32,19,0.0833406
32,20,0.113615
32,21,0.144115
32,22,0.171612
32,23,0.193226
32,24,0.206611
32,25,0.211364
32,26,0.206611
32,27,0.193226
32,28,0.171612
32,29,0.144115
32,30,0.113615
32,31,0.0833406
32,32,0.0569947
32,33,0.0358755
32,34,0.0207629
32,35,0.0112503
32,36,0.005564
32,37,0.0023368
32,38,0.000783368
32,39,0.000203084
32,40,4.01854e-05
32,41,6.02394e-06
32,42,6.77424e-07
32,43,5.61674e-08
32,44,3.3293e-09
32,45,1.33441e-10
32,46,3.23986e-12
32,47,3.5983e-14
32,48,0
32,49,0
33,0,0
33,1,0
33,2,0
33,3,0
33,4,9.89533e-14
33,5,8.50462e-12
33,6,3.33124e-10
33,7,7.87071e-09
33,8,1.25129e-07
33,9,1.41406e-06
33,10,1.17037e-05
33,11,7.21075e-05
33,12,0.000333643
33,13,0.00116811
33,14,0.00314453
33,15,0.00678252
33,16,0.0126567
33,17,0.0219991
33,18,0.0358755
33,19,0.053702
33,20,0.0745237
33,21,0.0966176
33,22,0.116933
33,23,0.133587
33,24,0.144152
33,25,0.147928
33,26,0.144152
33,27,0.133587
33,28,0.116933
33,29,0.0966176
33,30,0.0745237
33,31,0.053702
33,32,0.0358755
33,33,0.0219991
33,34,0.0126567
33,35,0.00678252
33,36,0.00314453
33,37,0.00116811
33,38,0.000333643
33,39,7.21075e-05
33,40,1.17037e-05
33,41,1.41406e-06
33,42,1.25129e-07
33,43,7.87071e-09
33,44,3.33124e-10
33,45,8.50462e-12
33,46,9.89533e-14
33,47,0
33,48,0
33,49,0
34,0,0
34,1,0
34,2,0
34,3,0
34,4,0
34,5,2.30891e-13
34,6,1.88992e-11
34,7,7.02518e-10
34,8,1.56885e-08
34,9,2.34671e-07
34,10,2.48227e-06
34,11,1.91181e-05
34,12,0.000108906
34,13,0.000462874
34,14,0.00148079
34,15,0.00364054
34,16,0.00723697
34,17,0.0126567
34,18,0.0207629
34,19,0.0318096
34,20,0.0449497
34,21,0.0592972
34,22,0.0730276
34,23,0.0843494
34,24,0.0918827
34,25,0.0944269
34,26,0.0918827
34,27,0.0843494
34,28,0.0730276
34,29,0.0592972
34,30,0.0449497
34,31,0.0318096
34,32,0.0207629
34,33,0.0126567
34,34,0.00723697
34,35,0.00364054
34,36,0.00148079
34,37,0.000462874
34,38,0.000108906
34,39,1.91181e-05
34,40,2.48227e-06
34,41,2.34671e-07
34,42,1.56885e-08
34,43,7.02518e-10
34,44,1.88992e-11
34,45,2.30891e-13
34,46,0
34,47,0
34,48,0
34,49,0
35,0,0
35,1,0
35,2,0
35,3,0
35,4,0
35,5,0
35,6,4.61782e-13
35,7,3.59084e-11
35,8,1.26356e-09
35,9,2.66065e-08
35,10,3.73614e-07
35,11,3.69205e-06
35,12,2.64279e-05
35,13,0.000139191
35,14,0.000544626
35,15,0.00160196
35,16,0.00364054
35,17,0.00678252
35,18,0.0112503
35,19,0.0174217
35,20,0.025046
35,21,0.0334423
35,22,0.041776
35,23,0.0487389
35,24,0.0534545
35,25,0.0550679
35,26,0.0534545
35,27,0.0487389
35,28,0.041776
35,29,0.0334423
35,30,0.025046
35,31,0.0174217
35,32,0.0112503
35,33,0.00678252
35,34,0.00364054
35,35,0.00160196
35,36,0.000544626
35,37,0.000139191
35,38,2.64279e-05
35,39,3.69205e-06
35,40,3.73614e-07
35,41,2.66065e-08
35,42,1.26356e-09
35,43,3.59084e-11
35,44,4.61782e-13
35,45,0
35,46,0
35,47,0
35,48,0
35,49,0
36,0,0
36,1,0
36,2,0
36,3,0
36,4,0
36,5,0
36,6,0
36,7,7.97623e-13
36,8,5.87592e-11
36,9,1.95172e-09
36,10,3.8638e-08
36,11,5.07878e-07
36,12,4.6762e-06
36,13,3.10417e-05
36,14,0.000151003
36,15,0.000544626
36,16,0.00148079
36,17,0.00314453
36,18,0.005564
36,19,0.00881675
36,20,0.0129085
36,21,0.0174723
36,22,0.022039
36,23,0.0259568
36,24,0.0285924
36,25,0.0295376
36,26,0.0285924
36,27,0.0259568
36,28,0.022039
36,29,0.0174723
36,30,0.0129085
36,31,0.00881675
36,32,0.005564
36,33,0.00314453
36,34,0.00148079
36,35,0.000544626
36,36,0.000151003
36,37,3.10417e-05
36,38,4.6762e-06
36,39,5.07878e-07
36,40,3.8638e-08
36,41,1.95172e-09
36,42,5.87592e-11
36,43,7.97623e-13
36,44,0
36,45,0
36,46,0
36,47,0
36,48,0
36,49,0
37,0,0
37,1,0
37,2,0
37,3,0
37,4,0
37,5,0
37,6,0
37,7,0
37,8,1.19643e-12
37,9,8.32422e-11
37,10,2.6014e-09
37,11,4.82527e-08
37,12,5.91625e-07
37,13,5.05786e-06
37,14,3.10417e-05
37,15,0.000139191
37,16,0.000462874
37,17,0.00116811
37,18,0.0023368
37,19,0.00395681
37,20,0.00600389
37,21,0.00833335
37,22,0.0106659
37,23,0.0126953
37,24,0.0140657
37,25,0.0145596
37,26,0.0140657
37,27,0.0126953
37,28,0.0106659
37,29,0.00833335
37,30,0.00600389
37,31,0.00395681
37,32,0.0023368
37,33,0.00116811
37,34,0.000462874
37,35,0.000139191
37,36,3.10417e-05
37,37,5.05786e-06
37,38,5.91625e-07
37,39,4.82527e-08
37,40,2.6014e-09
37,41,8.32422e-11
37,42,1.19643e-12
37,43,0
37,44,0
37,45,0
37,46,0
37,47,0
37,48,0
37,49,0
38,0,0
38,1,0
38,2,0
38,3,0
38,4,0
38,5,0
38,6,0
38,7,0
38,8,0
38,9,1.56457e-12
38,10,1.02452e-10
38,11,3.00112e-09
38,12,5.19487e-08
38,13,5.91625e-07
38,14,4.6762e-06
38,15,2.64279e-05
38,16,0.000108906
38,17,0.000333643
38,18,0.000783368
38,19,0.00148257
38,20,0.0024048
38,21,0.00348636
38,22,0.00459122
38,23,0.00555792
38,24,0.00622114
38,25,0.0064562
38,26,0.00622114
38,27,0.00555792
38,28,0.00459122
38,29,0.00348636
38,30,0.0024048
38,31,0.00148257
38,32,0.000783368
38,33,0.000333643
38,34,0.000108906
38,35,2.64279e-05
38,36,4.6762e-06
38,37,5.91625e-07
38,38,5.19487e-08
38,39,3.00112e-09
38,40,1.02452e-10
38,41,1.56457e-12
38,42,0
38,43,0
38,44,0
38,45,0
38,46,0
38,47,0
38,48,0
38,49,0
39,0,0
39,1,0
39,2,0
39,3,0
39,4,0
39,5,0
39,6,0
39,7,0
39,8,0
39,9,0
39,10,1.78808e-12
39,11,1.0977e-10
39,12,3.00112e-09
39,13,4.82527e-08
39,14,5.07878e-07
39,15,3.69205e-06
39,16,1.91181e-05
39,17,7.21075e-05
39,18,0.000203084
39,19,0.000443699
39,20,0.000794042
39,21,0.00122749
39,22,0.00168909
39,23,0.00210084
39,24,0.00238796
39,25,0.00249002
39,26,0.00238796
39,27,0.00210084
39,28,0.00168909
39,29,0.00122749
39,30,0.000794042
39,31,0.000443699
39,32,0.000203084
39,33,7.21075e-05
39,34,1.91181e-05
39,35,3.69205e-06
39,36,5.07878e-07
39,37,4.82527e-08
39,38,3.00112e-09
39,39,1.0977e-10
39,40,1.78808e-12
39,41,0
39,42,0
39,43,0
39,44,0
39,45,0
39,46,0
39,47,0
39,48,0
39,49,0
40,0,0
40,1,0
40,2,0
40,3,0
40,4,0
40,5,0
40,6,0
40,7,0
40,8,0
40,9,0
40,10,0
40,11,1.78808e-12
40,12,1.02452e-10
40,13,2.6014e-09
40,14,3.8638e-08
40,15,3.73614e-07
40,16,2.48227e-06
40,17,1.17037e-05
40,18,4.01854e-05
40,19,0.000103665
40,20,0.000210185
40,21,0.000353702
40,22,0.000515613
40,23,0.00066581
40,24,0.000772532
40,25,0.000811199
40,26,0.000772532
40,27,0.00066581
40,28,0.000515613
40,29,0.000353702
40,30,0.000210185
40,31,0.000103665
40,32,4.01854e-05
40,33,1.17037e-05
40,34,2.48227e-06
40,35,3.73614e-07
40,36,3.8638e-08
40,37,2.6014e-09
40,38,1.02452e-10
40,39,1.78808e-12
40,40,0
40,41,0
40,42,0
40,43,0
40,44,0
40,45,0
40,46,0
40,47,0
40,48,0
40,49,0
41,0,0
41,1,0
41,2,0
41,3,0
41,4,0
41,5,0
41,6,0
41,7,0
41,8,0
41,9,0
41,10,0
41,11,0
41,12,1.56457e-12
41,13,8.32422e-11
41,14,1.95172e-09
41,15,2.66065e-08
41,16,2.34671e-07
41,17,1.41406e-06
41,18,6.02394e-06
41,19,1.86988e-05
41,20,4.39299e-05
41,21,8.21374e-05
41,22,0.000128547
41,23,0.000173943
41,24,0.000207126
41,25,0.000219371
41,26,0.000207126
41,27,0.000173943
41,28,0.000128547
41,29,8.21374e-05
41,30,4.39298e-05
41,31,1.86988e-05
41,32,6.02394e-06
41,33,1.41406e-06
41,34,2.34671e-07
41,35,2.66065e-08
41,36,1.95172e-09
41,37,8.32422e-11
41,38,1.56457e-12
41,39,0
41,40,0
41,41,0
41,42,0
41,43,0
41,44,0
41,45,0
41,46,0
41,47,0
41,48,0
41,49,0
42,0,0
42,1,0
42,2,0
42,3,0
42,4,0
42,5,0
42,6,0
42,7,0
42,8,0
42,9,0
42,10,0
42,11,0
42,12,0
42,13,1.19643e-12
42,14,5.87592e-11
42,15,1.26356e-09
42,16,1.56885e-08
42,17,1.25129e-07
42,18,6.77424e-07
42,19,2.58245e-06
42,20,7.1817e-06
42,21,1.52353e-05
42,22,2.5981e-05
42,23,3.71721e-05
42,24,4.56828e-05
42,25,4.88698e-05
42,26,4.56828e-05
42,27,3.71721e-05
42,28,2.5981e-05
42,29,1.52353e-05
42,30,7.1817e-06
42,31,2.58245e-06
42,32,6.77424e-07
42,33,1.25129e-07
42,34,1.56885e-08
42,35,1.26356e-09
42,36,5.87592e-11
42,37,1.19643e-12
42,38,0
42,39,0
42,40,0
42,41,0
42,42,0
42,43,0
42,44,0
42,45,0
42,46,0
42,47,0
42,48,0
42,49,0
43,0,0
43,1,0
43,2,0
43,3,0
43,4,0
43,5,0
43,6,0
43,7,0
43,8,0
43,9,0
43,10,0
43,11,0
43,12,0
43,13,0
43,14,7.97623e-13
43,15,3.59084e-11
43,16,7.02518e-10
43,17,7.87071e-09
43,18,5.61674e-08
43,19,2.70018e-07
43,20,9.09991e-07
43,21,2.24043e-06
43,22,4.23812e-06
43,23,6.47809e-06
43,24,8.26627e-06
43,25,8.94793e-06
43,26,8.26627e-06
43,27,6.47809e-06
43,28,4.23812e-06
43,29,2.24043e-06
43,30,9.09991e-07
43,31,2.70018e-07
43,32,5.61674e-08
43,33,7.87071e-09
43,34,7.02518e-10
43,35,3.59084e-11
43,36,7.97623e-13
43,37,0
43,38,0
43,39,0
43,40,0
43,41,0
43,42,0
43,43,0
43,44,0
43,45,0
43,46,0
43,47,0
43,48,0
43,49,0
44,0,0
44,1,0
44,2,0
44,3,0
44,4,0
44,5,0
44,6,0
44,7,0
44,8,0
44,9,0
44,10,0
44,11,0
44,12,0
44,13,0
44,14,0
44,15,4.61782e-13
44,16,1.88992e-11
44,17,3.33124e-10
44,18,3.3293e-09
44,19,2.09772e-08
44,20,8.8228e-08
44,21,2.58761e-07
44,22,5.55025e-07
44,23,9.18804e-07
44,24,1.2258e-06
44,25,1.34604e-06
44,26,1.2258e-06
44,27,9.18804e-07
44,28,5.55024e-07
44,29,2.58761e-07
44,30,8.8228e-08
44,31,2.09772e-08
44,32,3.3293e-09
44,33,3.33124e-10
44,34,1.88992e-11
44,35,4.61782e-13
44,36,0
44,37,0
44,38,0
44,39,0
44,40,0
44,41,0
44,42,0
44,43,0
44,44,0
44,45,0
44,46,0
44,47,0
44,48,0
44,49,0
45,0,0
45,1,0
45,2,0
45,3,0
45,4,0
45,5,0
45,6,0
45,7,0
45,8,0
45,9,0
45,10,0
45,11,0
45,12,0
45,13,0
45,14,0
45,15,0
45,16,2.30891e-13
45,17,8.50462e-12
45,18,1.33441e-10
45,19,1.17263e-09
45,20,6.41324e-09
45,21,2.31451e-08
45,22,5.78517e-08
45,23,1.05689e-07
45,24,1.48753e-07
45,25,1.66243e-07
45,26,1.48753e-07
45,27,1.05689e-07
45,28,5.78517e-08
45,29,2.31451e-08
45,30,6.41324e-09
45,31,1.17263e-09
45,32,1.33441e-10
45,33,8.50462e-12
45,34,2.30891e-13
45,35,0
45,36,0
45,37,0
45,38,0
45,39,0
45,40,0
45,41,0
45,42,0
45,43,0
45,44,0
45,45,0
45,46,0
45,47,0
45,48,0
45,49,0
46,0,0
46,1,0
46,2,0
46,3,0
46,4,0
46,5,0
46,6,0
46,7,0
46,8,0
46,9,0
46,10,0
46,11,0
46,12,0
46,13,0
46,14,0
46,15,0
46,16,0
46,17,9.89533e-14
46,18,3.23986e-12
46,19,4.45673e-11
46,20,3.37982e-10
46,21,1.56863e-09
46,22,4.73176e-09
46,23,9.79074e-09
46,24,1.47287e-08
46,25,1.68179e-08
46,26,1.47287e-08
46,27,9.79074e-09
46,28,4.73176e-09
46,29,1.56863e-09
46,30,3.37982e-10
46,31,4.45673e-11
46,32,3.23986e-12
46,33,9.89533e-14
46,34,0
46,35,0
46,36,0
46,37,0
46,38,0
46,39,0
46,40,0
46,41,0
46,42,0
46,43,0
46,44,0
46,45,0
46,46,0
46,47,0
46,48,0
46,49,0
47,0,0
47,1,0
47,2,0
47,3,0
47,4,0
47,5,0
47,6,0
47,7,0
47,8,0
47,9,0
47,10,0
47,11,0
47,12,0
47,13,0
47,14,0
47,15,0
47,16,0
47,17,0
47,18,3.5983e-14
47,19,1.03086e-12
47,20,1.21877e-11
47,21,7.77837e-11
47,22,2.96909e-10
47,23,7.21144e-10
47,24,1.18322e-09
47,25,1.38716e-09
47,26,1.18322e-09
47,27,7.21144e-10
47,28,2.96909e-10
47,29,7.77837e-11
47,30,1.21877e-11
47,31,1.03086e-12
47,32,3.5983e-14
47,33,0
47,34,0
47,35,0
47,36,0
47,37,0
47,38,0
47,39,0
47,40,0
47,41,0
47,42,0
47,43,0
47,44,0
47,45,0
47,46,0
47,47,0
47,48,0
47,49,0
48,0,0
48,1,0
48,2,0
48,3,0
48,4,0
48,5,0
48,6,0
48,7,0
48,8,0
48,9,0
48,10,0
48,11,0
48,12,0
48,13,0
48,14,0
48,15,0
48,16,0
48,17,0
48,18,0
48,19,1.09513e-14
48,20,2.68921e-13
48,21,2.65978e-12
48,22,1.3786e-11
48,23,4.13275e-11
48,24,7.63449e-11
48,25,9.26172e-11
48,26,7.63449e-11
48,27,4.13275e-11
48,28,1.3786e-11
48,29,2.65978e-12
48,30,2.68921e-13
48,31,1.09513e-14
48,32,0
48,33,0
48,34,0
48,35,0
48,36,0
48,37,0
48,38,0
48,39,0
48,40,0
48,41,0
48,42,0
48,43,0
48,44,0
48,45,0
48,46,0
48,47,0
48,48,0
48,49,0
49,0,0
49,1,0
49,2,0
49,3,0
49,4,0
49,5,0
49,6,0
49,7,0
49,8,0
49,9,0
49,10,0
49,11,0
49,12,0
49,13,0
49,14,0
49,15,0
49,16,0
49,17,0
49,18,0
49,19,0
49,20,2.2658e-15
49,21,4.92354e-14
49,22,4.17382e-13
49,23,1.77119e-12
49,24,4.07363e-12
49,25,5.3011e-12
49,26,4.07363e-12
49,27,1.77119e-12
49,28,4.17382e-13
49,29,4.92354e-14
49,30,2.2658e-15
49,31,0
49,32,0
49,33,0
49,34,0
49,35,0
49,36,0
49,37,0
49,38,0
49,39,0
49,40,0
49,41,0
49,42,0
49,43,0
49,44,0
49,45,0
49,46,0
49,47,0
49,48,0
49,49,0
