0,0,0
0,1,0
0,2,0
0,3,0
0,4,0
0,5,0
0,6,0
0,7,0
0,8,0
0,9,0
0,10,0
0,11,0
0,12,0
0,13,0
0,14,0
0,15,0
0,16,0
0,17,0
0,18,0
0,19,0
0,20,0
0,21,0
0,22,0
0,23,0
0,24,0
0,25,0
0,26,0
0,27,0
0,28,0
0,29,0
0,30,0
0,31,0
0,32,0
0,33,0
0,34,0
0,35,0
0,36,0
0,37,0
0,38,0
0,39,0
0,40,0
0,41,0
0,42,0
0,43,0
0,44,0
0,45,0
0,46,0
0,47,0
0,48,0
0,49,0
1,0,0
1,1,0
1,2,0
1,3,0
1,4,0
1,5,0
1,6,0
1,7,0
1,8,0
1,9,0
1,10,0
1,11,0
1,12,0
1,13,0
1,14,0
1,15,0
1,16,0
1,17,0
1,18,0
1,19,3.4223e-15
1,20,8.39744e-14
1,21,8.31254e-13
1,22,4.31994e-12
1,23,1.30049e-11
1,24,2.41279e-11
1,25,2.93208e-11
1,26,2.41279e-11
1,27,1.30049e-11
1,28,4.31994e-12
1,29,8.31254e-13
1,30,8.39744e-14
1,31,3.4223e-15
1,32,0
1,33,0
1,34,0
1,35,0
1,36,0
1,37,0
1,38,0
1,39,0
1,40,0
1,41,0
1,42,0
1,43,0
1,44,0
1,45,0
1,46,0
1,47,0
1,48,0
1,49,0
2,0,0
2,1,0
2,2,0
2,3,0
2,4,0
2,5,0
2,6,0
2,7,0
2,8,0
2,9,0
2,10,0
2,11,0
2,12,0
2,13,0
2,14,0
2,15,0
2,16,0
2,17,0
2,18,1.17336e-14
2,19,3.35897e-13
2,20,3.97517e-12
2,21,2.54481e-11
2,22,9.76468e-11
2,23,2.38724e-10
2,24,3.93836e-10
2,25,4.62574e-10
2,26,3.93836e-10
2,27,2.38724e-10
2,28,9.76468e-11
2,29,2.54481e-11
2,30,3.97517e-12
2,31,3.35897e-13
2,32,1.17336e-14
2,33,0
2,34,0
2,35,0
2,36,0
2,37,0
2,38,0
2,39,0
2,40,0
2,41,0
2,42,0
2,43,0
2,44,0
2,45,0
2,46,0
2,47,0
2,48,0
2,49,0
3,0,0
3,1,0
3,2,0
3,3,0
3,4,0
3,5,0
3,6,0
3,7,0
3,8,0
3,9,0
3,10,0
3,11,0
3,12,0
3,13,0
3,14,0
3,15,0
3,16,0
3,17,3.37341e-14
3,18,1.10366e-12
3,19,1.51966e-11
3,20,1.156e-10
3,21,5.39443e-10
3,22,1.63944e-09
3,23,3.41921e-09
3,24,5.17276e-09
3,25,5.91734e-09
3,26,5.17276e-09
3,27,3.41921e-09
3,28,1.63944e-09
3,29,5.39443e-10
3,30,1.156e-10
3,31,1.51966e-11
3,32,1.10366e-12
3,33,3.37341e-14
3,34,0
3,35,0
3,36,0
3,37,0
3,38,0
3,39,0
3,40,0
3,41,0
3,42,0
3,43,0
3,44,0
3,45,0
3,46,0
3,47,0
3,48,0
3,49,0
4,0,0
4,1,0
4,2,0
4,3,0
4,4,0
4,5,0
4,6,0
4,7,0
4,8,0
4,9,0
4,10,0
4,11,0
4,12,0
4,13,0
4,14,0
4,15,0
4,16,8.24611e-14
4,17,3.03507e-12
4,18,4.76665e-11
4,19,4.20156e-10
4,20,2.31066e-09
4,21,8.40658e-09
4,22,2.1216e-08
4,23,3.91052e-08
4,24,5.53527e-08
4,25,6.19802e-08
4,26,5.53527e-08
4,27,3.91052e-08
4,28,2.1216e-08
4,29,8.40658e-09
4,30,2.31066e-09
4,31,4.20156e-10
4,32,4.76664e-11
4,33,3.03507e-12
4,34,8.24611e-14
4,35,0
4,36,0
4,37,0
4,38,0
4,39,0
4,40,0
4,41,0
4,42,0
4,43,0
4,44,0
4,45,0
4,46,0
4,47,0
4,48,0
4,49,0
5,0,0
5,1,0
5,2,0
5,3,0
5,4,0
5,5,0
5,6,0
5,7,0
5,8,0
5,9,0
5,10,0
5,11,0
5,12,0
5,13,0
5,14,0
5,15,1.73168e-13
5,16,7.08184e-12
5,17,1.24942e-10
5,18,1.25247e-09
5,19,7.93568e-09
5,20,3.36586e-08
5,21,9.97922e-08
5,22,2.1653e-07
5,23,3.61855e-07
5,24,4.85548e-07
5,25,5.34243e-07
5,26,4.85548e-07
5,27,3.61855e-07
5,28,2.1653e-07
5,29,9.97922e-08
5,30,3.36586e-08
5,31,7.93568e-09
5,32,1.25247e-09
5,33,1.24942e-10
5,34,7.08184e-12
5,35,1.73168e-13
5,36,0
5,37,0
5,38,0
5,39,0
5,40,0
5,41,0
5,42,0
5,43,0
5,44,0
5,45,0
5,46,0
5,47,0
5,48,0
5,49,0
6,0,0
6,1,0
6,2,0
6,3,0
6,4,0
6,5,0
6,6,0
6,7,0
6,8,0
6,9,0
6,10,0
6,11,0
6,12,0
6,13,0
6,14,3.14851e-13
6,15,1.41637e-11
6,16,2.77346e-10
6,17,3.1165e-09
6,18,2.23641e-08
6,19,1.08441e-07
6,20,3.69737e-07
6,21,9.22762e-07
6,22,1.7683e-06
6,23,2.72929e-06
6,24,3.50312e-06
6,25,3.79957e-06
6,26,3.50312e-06
6,27,2.72929e-06
6,28,1.7683e-06
6,29,9.22761e-07
6,30,3.69737e-07
6,31,1.08441e-07
6,32,2.23641e-08
6,33,3.1165e-09
6,34,2.77346e-10
6,35,1.41637e-11
6,36,3.14851e-13
6,37,0
6,38,0
6,39,0
6,40,0
6,41,0
6,42,0
6,43,0
6,44,0
6,45,0
6,46,0
6,47,0
6,48,0
6,49,0
7,0,0
7,1,0
7,2,0
7,3,0
7,4,0
7,5,0
7,6,0
7,7,0
7,8,0
7,9,0
7,10,0
7,11,0
7,12,0
7,13,4.98515e-13
7,14,2.44645e-11
7,15,5.26532e-10
7,16,6.55646e-09
7,17,5.25809e-08
7,18,2.87132e-07
7,19,1.10795e-06
7,20,3.12808e-06
7,21,6.74297e-06
7,22,1.16579e-05
7,23,1.68427e-05
7,24,2.08209e-05
7,25,2.2316e-05
7,26,2.08209e-05
7,27,1.68427e-05
7,28,1.16579e-05
7,29,6.74297e-06
7,30,3.12808e-06
7,31,1.10795e-06
7,32,2.87132e-07
7,33,5.25809e-08
7,34,6.55646e-09
7,35,5.26532e-10
7,36,2.44645e-11
7,37,4.98515e-13
7,38,0
7,39,0
7,40,0
7,41,0
7,42,0
7,43,0
7,44,0
7,45,0
7,46,0
7,47,0
7,48,0
7,49,0
8,0,0
8,1,0
8,2,0
8,3,0
8,4,0
8,5,0
8,6,0
8,7,0
8,8,0
8,9,0
8,10,0
8,11,0
8,12,6.90251e-13
8,13,3.66968e-11
8,14,8.61097e-10
8,15,1.17718e-08
8,16,1.04386e-07
8,17,6.34412e-07
8,18,2.73617e-06
8,19,8.63128e-06
8,20,2.06558e-05
8,21,3.93067e-05
8,22,6.23664e-05
8,23,8.51969e-05
8,24,0.000102023
8,25,0.000108247
8,26,0.000102023
8,27,8.51969e-05
8,28,6.23664e-05
8,29,3.93067e-05
8,30,2.06558e-05
8,31,8.63128e-06
8,32,2.73617e-06
8,33,6.34412e-07
8,34,1.04386e-07
8,35,1.17718e-08
8,36,8.61097e-10
8,37,3.66968e-11
8,38,6.90251e-13
8,39,0
8,40,0
8,41,0
8,42,0
8,43,0
8,44,0
8,45,0
8,46,0
8,47,0
8,48,0
8,49,0
9,0,0
9,1,0
9,2,0
9,3,0
9,4,0
9,5,0
9,6,0
9,7,0
9,8,0
9,9,0
9,10,0
9,11,8.38162e-13
9,12,4.79881e-11
9,13,1.21941e-09
9,14,1.81605e-08
9,15,1.76519e-07
9,16,1.18265e-06
9,17,5.64512e-06
9,18,1.97081e-05
9,19,5.18802e-05
9,20,0.000107425
9,21,0.000184013
9,22,0.000271702
9,23,0.000353922
9,24,0.000412674
9,25,0.000434029
9,26,0.000412674
9,27,0.000353922
9,28,0.000271702
9,29,0.000184013
9,30,0.000107425
9,31,5.18802e-05
9,32,1.97081e-05
9,33,5.64512e-06
9,34,1.18265e-06
9,35,1.76519e-07
9,36,1.81605e-08
9,37,1.21941e-09
9,38,4.79881e-11
9,39,8.38162e-13
9,40,0
9,41,0
9,42,0
9,43,0
9,44,0
9,45,0
9,46,0
9,47,0
9,48,0
9,49,0
10,0,0
10,1,0
10,2,0
10,3,0
10,4,0
10,5,0
10,6,0
10,7,0
10,8,0
10,9,0
10,10,8.94039e-13
10,11,5.48436e-11
10,12,1.50047e-09
10,13,2.41867e-08
10,14,2.55842e-07
10,15,1.87496e-06
10,16,9.82635e-06
10,17,3.76853e-05
10,18,0.000108416
10,19,0.000242542
10,20,0.000443482
10,21,0.000696417
10,22,0.000968545
10,23,0.00121297
10,24,0.00138374
10,25,0.0014447
10,26,0.00138374
10,27,0.00121297
10,28,0.000968545
10,29,0.000696417
10,30,0.000443482
10,31,0.000242542
10,32,0.000108416
10,33,3.76853e-05
10,34,9.82635e-06
10,35,1.87496e-06
10,36,2.55842e-07
10,37,2.41867e-08
10,38,1.50047e-09
10,39,5.48436e-11
10,40,8.94039e-13
10,41,0
10,42,0
10,43,0
10,44,0
10,45,0
10,46,0
10,47,0
10,48,0
10,49,0
11,0,0
11,1,0
11,2,0
11,3,0
11,4,0
11,5,0
11,6,0
11,7,0
11,8,0
11,9,8.38162e-13
11,10,5.48436e-11
11,11,1.60753e-09
11,12,2.78924e-08
11,13,3.19147e-07
11,14,2.54194e-06
11,15,1.45323e-05
11,16,6.08665e-05
11,17,0.000190501
11,18,0.000458687
11,19,0.000889543
11,20,0.00146905
11,21,0.002153
11,22,0.00285448
11,23,0.00346789
11,24,0.00388861
11,25,0.0040377
11,26,0.00388861
11,27,0.00346789
11,28,0.00285448
11,29,0.002153
11,30,0.00146905
11,31,0.000889543
11,32,0.000458687
11,33,0.000190501
11,34,6.08665e-05
11,35,1.45323e-05
11,36,2.54194e-06
11,37,3.19147e-07
11,38,2.78924e-08
11,39,1.60753e-09
11,40,5.48436e-11
11,41,8.38162e-13
11,42,0
11,43,0
11,44,0
11,45,0
11,46,0
11,47,0
11,48,0
11,49,0
12,0,0
12,1,0
12,2,0
12,3,0
12,4,0
12,5,0
12,6,0
12,7,0
12,8,6.90251e-13
12,9,4.79881e-11
12,10,1.50047e-09
12,11,2.78924e-08
12,12,3.43466e-07
12,13,2.95725e-06
12,14,1.83453e-05
12,15,8.35294e-05
12,16,0.000283556
12,17,0.000733871
12,18,0.0015065
12,19,0.00260006
12,20,0.00398117
12,21,0.00554541
12,22,0.00710469
12,23,0.00845188
12,24,0.00936103
12,25,0.00968618
12,26,0.00936104
12,27,0.00845187
12,28,0.00710469
12,29,0.00554541
12,30,0.00398117
12,31,0.00260006
12,32,0.0015065
12,33,0.000733871
12,34,0.000283556
12,35,8.35294e-05
12,36,1.83453e-05
12,37,2.95725e-06
12,38,3.43466e-07
12,39,2.78924e-08
12,40,1.50047e-09
12,41,4.79881e-11
12,42,6.90251e-13
12,43,0
12,44,0
12,45,0
12,46,0
12,47,0
12,48,0
12,49,0
13,0,0
13,1,0
13,2,0
13,3,0
13,4,0
13,5,0
13,6,0
13,7,4.98515e-13
13,8,3.66968e-11
13,9,1.21941e-09
13,10,2.41867e-08
13,11,3.19147e-07
13,12,2.95725e-06
13,13,1.98211e-05
13,14,9.77636e-05
13,15,0.000359307
13,16,0.00100025
13,17,0.00217778
13,18,0.00392446
13,19,0.00625133
13,20,0.00912697
13,21,0.0123045
13,22,0.0154492
13,23,0.0181341
13,24,0.0199346
13,25,0.0205784
13,26,0.0199346
13,27,0.0181341
13,28,0.0154492
13,29,0.0123045
13,30,0.00912697
13,31,0.00625133
13,32,0.00392446
13,33,0.00217778
13,34,0.00100025
13,35,0.000359307
13,36,9.77636e-05
13,37,1.98211e-05
13,38,2.95725e-06
13,39,3.19147e-07
13,40,2.41867e-08
13,41,1.21941e-09
13,42,3.66968e-11
13,43,4.98515e-13
13,44,0
13,45,0
13,46,0
13,47,0
13,48,0
13,49,0
14,0,0
14,1,0
14,2,0
14,3,0
14,4,0
14,5,0
14,6,3.14851e-13
14,7,2.44645e-11
14,8,8.61097e-10
14,9,1.81605e-08
14,10,2.55842e-07
14,11,2.54194e-06
14,12,1.83453e-05
14,13,9.77636e-05
14,14,0.000388693
14,15,0.00116651
14,16,0.00270819
14,17,0.00512019
14,18,0.00848972
14,19,0.0130051
14,20,0.0185087
14,21,0.024512
14,22,0.0304234
14,23,0.0353647
14,24,0.0386926
14,25,0.0398425
14,26,0.0386926
14,27,0.0353647
14,28,0.0304234
14,29,0.024512
14,30,0.0185087
14,31,0.0130051
14,32,0.00848971
14,33,0.00512019
14,34,0.00270819
14,35,0.00116651
14,36,0.000388693
14,37,9.77636e-05
14,38,1.83453e-05
14,39,2.54194e-06
14,40,2.55842e-07
14,41,1.81605e-08
14,42,8.61097e-10
14,43,2.44645e-11
14,44,3.14851e-13
14,45,0
14,46,0
14,47,0
14,48,0
14,49,0
15,0,0
15,1,0
15,2,0
15,3,0
15,4,0
15,5,1.73168e-13
15,6,1.41637e-11
15,7,5.26532e-10
15,8,1.17717e-08
15,9,1.76519e-07
15,10,1.87496e-06
15,11,1.45323e-05
15,12,8.35294e-05
15,13,0.000359306
15,14,0.00116651
15,15,0.00291076
15,16,0.00583252
15,17,0.0101274
15,18,0.016315
15,19,0.0246194
15,20,0.0344421
15,21,0.0450699
15,22,0.0552426
15,23,0.0636148
15,24,0.0691903
15,25,0.0710783
15,26,0.0691903
15,27,0.0636148
15,28,0.0552426
15,29,0.0450699
15,30,0.0344421
15,31,0.0246194
15,32,0.016315
15,33,0.0101274
15,34,0.00583252
15,35,0.00291076
15,36,0.00116651
15,37,0.000359307
15,38,8.35294e-05
15,39,1.45323e-05
15,40,1.87496e-06
15,41,1.76519e-07
15,42,1.17718e-08
15,43,5.26532e-10
15,44,1.41637e-11
15,45,1.73168e-13
15,46,0
15,47,0
15,48,0
15,49,0
16,0,0
16,1,0
16,2,0
16,3,0
16,4,8.24611e-14
16,5,7.08184e-12
16,6,2.77346e-10
16,7,6.55646e-09
16,8,1.04386e-07
16,9,1.18265e-06
16,10,9.82635e-06
16,11,6.08665e-05
16,12,0.000283556
16,13,0.00100025
16,14,0.00270819
16,15,0.00583252
16,16,0.0107267
16,17,0.0182233
16,18,0.0291926
16,19,0.0432169
16,20,0.0594097
16,21,0.0765133
16,22,0.0922397
16,23,0.105103
16,24,0.113327
16,25,0.116235
16,26,0.113327
16,27,0.105103
16,28,0.0922397
16,29,0.0765133
16,30,0.0594097
16,31,0.0432169
16,32,0.0291926
16,33,0.0182233
16,34,0.0107267
16,35,0.00583252
16,36,0.00270819
16,37,0.00100025
16,38,0.000283556
16,39,6.08665e-05
16,40,9.82635e-06
16,41,1.18265e-06
16,42,1.04386e-07
16,43,6.55646e-09
16,44,2.77346e-10
16,45,7.08184e-12
16,46,8.24611e-14
16,47,0
16,48,0
16,49,0
17,0,0
17,1,0
17,2,0
17,3,3.37341e-14
17,4,3.03507e-12
17,5,1.24942e-10
17,6,3.1165e-09
17,7,5.25809e-08
17,8,6.34412e-07
17,9,5.64512e-06
17,10,3.76853e-05
17,11,0.000190501
17,12,0.000733871
17,13,0.00217778
17,14,0.00512019
17,15,0.0101274
17,16,0.0182233
17,17,0.0309016
17,18,0.0484496
17,19,0.069945
17,20,0.0943756
17,21,0.118938
17,22,0.141013
17,23,0.158508
17,24,0.169377
17,25,0.173276
17,26,0.169377
17,27,0.158508
17,28,0.141013
17,29,0.118938
17,30,0.0943756
17,31,0.069945
17,32,0.0484496
17,33,0.0309016
17,34,0.0182233
17,35,0.0101274
17,36,0.00512019
17,37,0.00217778
17,38,0.000733871
17,39,0.000190501
17,40,3.76853e-05
17,41,5.64512e-06
17,42,6.34412e-07
17,43,5.25809e-08
17,44,3.1165e-09
17,45,1.24942e-10
17,46,3.03507e-12
17,47,3.37341e-14
17,48,0
17,49,0
18,0,0
18,1,0
18,2,1.17336e-14
18,3,1.10366e-12
18,4,4.76665e-11
18,5,1.25247e-09
18,6,2.23641e-08
18,7,2.87132e-07
18,8,2.73617e-06
18,9,1.97081e-05
18,10,0.000108416
18,11,0.000458687
18,12,0.0015065
18,13,0.00392446
18,14,0.00848971
18,15,0.016315
18,16,0.0291926
18,17,0.0484496
18,18,0.0738136
18,19,0.104452
18,20,0.137798
18,21,0.169788
18,22,0.197762
18,23,0.218558
18,24,0.231467
18,25,0.235676
18,26,0.231467
18,27,0.218558
18,28,0.197762
18,29,0.169788
18,30,0.137798
18,31,0.104452
18,32,0.0738136
18,33,0.0484496
18,34,0.0291926
18,35,0.016315
18,36,0.00848971
18,37,0.00392446
18,38,0.0015065
18,39,0.000458687
18,40,0.000108416
18,41,1.97081e-05
18,42,2.73617e-06
18,43,2.87132e-07
18,44,2.23641e-08
18,45,1.25247e-09
18,46,4.76665e-11
18,47,1.10366e-12
18,48,1.17336e-14
18,49,0
19,0,0
19,1,3.4223e-15
19,2,3.35897e-13
19,3,1.51966e-11
19,4,4.20156e-10
19,5,7.93568e-09
19,6,1.08441e-07
19,7,1.10795e-06
19,8,8.63128e-06
19,9,5.18802e-05
19,10,0.000242542
19,11,0.000889543
19,12,0.00260006
19,13,0.00625133
19,14,0.0130051
19,15,0.0246194
19,16,0.0432169
19,17,0.069945
19,18,0.104452
19,19,0.144593
19,20,0.185847
19,21,0.223875
19,22,0.254809
19,23,0.276475
19,24,0.289201
19,25,0.293094
19,26,0.289201
19,27,0.276475
19,28,0.254809
19,29,0.223875
19,30,0.185847
19,31,0.144593
19,32,0.104452
19,33,0.069945
19,34,0.0432169
19,35,0.0246194
19,36,0.0130051
19,37,0.00625133
19,38,0.00260006
19,39,0.000889543
19,40,0.000242542
19,41,5.18802e-05
19,42,8.63128e-06
19,43,1.10795e-06
19,44,1.08441e-07
19,45,7.93568e-09
19,46,4.20156e-10
19,47,1.51966e-11
19,48,3.35897e-13
19,49,2.73784e-15
20,0,0
20,1,8.39743e-14
20,2,3.97517e-12
20,3,1.156e-10
20,4,2.31066e-09
20,5,3.36586e-08
20,6,3.69737e-07
20,7,3.12808e-06
20,8,2.06558e-05
20,9,0.000107425
20,10,0.000443482
20,11,0.00146905
20,12,0.00398117
20,13,0.00912697
20,14,0.0185087
20,15,0.0344421
20,16,0.0594096
20,17,0.0943756
20,18,0.137798
20,19,0.185847
20,20,0.232936
20,21,0.273232
20,22,0.302962
20,23,0.321731
20,24,0.331182
20,25,0.333978
20,26,0.331182
20,27,0.321731
20,28,0.302962
20,29,0.273232
20,30,0.232936
20,31,0.185847
20,32,0.137798
20,33,0.0943756
20,34,0.0594096
20,35,0.0344421
20,36,0.0185087
20,37,0.00912697
20,38,0.00398117
20,39,0.00146905
20,40,0.000443482
20,41,0.000107425
20,42,2.06558e-05
20,43,3.12808e-06
20,44,3.69737e-07
20,45,3.36586e-08
20,46,2.31066e-09
20,47,1.156e-10
20,48,3.97503e-12
20,49,7.11954e-14
21,0,0
21,1,8.31254e-13
21,2,2.54481e-11
21,3,5.39443e-10
21,4,8.40658e-09
21,5,9.97922e-08
21,6,9.22762e-07
21,7,6.74297e-06
21,8,3.93067e-05
21,9,0.000184013
21,10,0.000696417
21,11,0.002153
21,12,0.00554541
21,13,0.0123045
21,14,0.024512
21,15,0.0450699
21,16,0.0765133
21,17,0.118937
21,18,0.169788
21,19,0.223875
21,20,0.273232
21,21,0.311408
21,22,0.335641
21,23,0.347025
21,24,0.350435
21,25,0.35062
21,26,0.350435
21,27,0.347025
21,28,0.335641
21,29,0.311408
21,30,0.273232
21,31,0.223875
21,32,0.169788
21,33,0.118938
21,34,0.0765133
21,35,0.0450699
21,36,0.024512
21,37,0.0123045
21,38,0.00554541
21,39,0.002153
21,40,0.000696417
21,41,0.000184013
21,42,3.93067e-05
21,43,6.74297e-06
21,44,9.22761e-07
21,45,9.97922e-08
21,46,8.40658e-09
21,47,5.39443e-10
21,48,2.54461e-11
21,49,7.49489e-13
22,0,0
22,1,4.31994e-12
22,2,9.76468e-11
22,3,1.63944e-09
22,4,2.1216e-08
22,5,2.1653e-07
22,6,1.7683e-06
22,7,1.16579e-05
22,8,6.23665e-05
22,9,0.000271702
22,10,0.000968545
22,11,0.00285448
22,12,0.00710469
22,13,0.0154492
22,14,0.0304234
22,15,0.0552426
22,16,0.0922397
22,17,0.141013
22,18,0.197762
22,19,0.254809
22,20,0.302962
22,21,0.335641
22,22,0.350452
22,23,0.351319
22,24,0.345561
22,25,0.341936
22,26,0.345561
22,27,0.351319
22,28,0.350452
22,29,0.335641
22,30,0.302962
22,31,0.254809
22,32,0.197762
22,33,0.141013
22,34,0.0922397
22,35,0.0552426
22,36,0.0304234
22,37,0.0154492
22,38,0.00710469
22,39,0.00285448
22,40,0.000968546
22,41,0.000271702
22,42,6.23665e-05
22,43,1.16579e-05
22,44,1.7683e-06
22,45,2.1653e-07
22,46,2.1216e-08
22,47,1.63944e-09
22,48,9.76386e-11
22,49,4.14871e-12
23,0,0
23,1,1.30049e-11
23,2,2.38724e-10
23,3,3.41921e-09
23,4,3.91052e-08
23,5,3.61855e-07
23,6,2.72929e-06
23,7,1.68427e-05
23,8,8.51969e-05
23,9,0.000353922
23,10,0.00121297
23,11,0.00346789
23,12,0.00845187
23,13,0.0181341
23,14,0.0353647
23,15,0.0636148
23,16,0.105103
23,17,0.158508
23,18,0.218558
23,19,0.276475
23,20,0.321731
23,21,0.347025
23,22,0.351319
23,23,0.339688
23,24,0.322285
23,25,0.311954
23,26,0.322285
23,27,0.339688
23,28,0.351319
23,29,0.347025
23,30,0.321731
23,31,0.276475
23,32,0.218558
23,33,0.158508
23,34,0.105103
23,35,0.0636148
23,36,0.0353647
23,37,0.0181341
23,38,0.00845187
23,39,0.00346789
23,40,0.00121297
23,41,0.000353922
23,42,8.51969e-05
23,43,1.68427e-05
23,44,2.72929e-06
23,45,3.61855e-07
23,46,3.91052e-08
23,47,3.41921e-09
23,48,2.38723e-10
23,49,1.32502e-11
24,0,0
24,1,2.41279e-11
24,2,3.93836e-10
24,3,5.17276e-09
24,4,5.53527e-08
24,5,4.85548e-07
24,6,3.50312e-06
24,7,2.08209e-05
24,8,0.000102023
24,9,0.000412674
24,10,0.00138374
24,11,0.00388861
24,12,0.00936104
24,13,0.0199346
24,14,0.0386926
24,15,0.0691903
24,16,0.113327
24,17,0.169377
24,18,0.231467
24,19,0.289201
24,20,0.331182
24,21,0.350435
24,22,0.345561
24,23,0.322285
24,24,0.290093
24,25,0.264154
24,26,0.290093
24,27,0.322286
24,28,0.345561
24,29,0.350435
24,30,0.331182
24,31,0.289201
24,32,0.231467
24,33,0.169377
24,34,0.113327
24,35,0.0691903
24,36,0.0386926
24,37,0.0199346
24,38,0.00936104
24,39,0.00388861
24,40,0.00138374
24,41,0.000412674
24,42,0.000102023
24,43,2.08209e-05
24,44,3.50312e-06
24,45,4.85548e-07
24,46,5.53527e-08
24,47,5.17276e-09
24,48,3.93892e-10
24,49,2.56791e-11
25,0,0
25,1,2.93208e-11
25,2,4.62574e-10
25,3,5.91734e-09
25,4,6.19802e-08
25,5,5.34243e-07
25,6,3.79957e-06
25,7,2.2316e-05
25,8,0.000108247
25,9,0.000434029
25,10,0.0014447
25,11,0.0040377
25,12,0.00968618
25,13,0.0205784
25,14,0.0398425
25,15,0.0710783
25,16,0.116235
25,17,0.173276
25,18,0.235676
25,19,0.293094
25,20,0.333978
25,21,0.35062
25,22,0.341936
25,23,0.311954
25,24,0.264154
25,25,0.18627
25,26,0.264154
25,27,0.311954
25,28,0.341936
25,29,0.35062
25,30,0.333978
25,31,0.293094
25,32,0.235676
25,33,0.173276
25,34,0.116235
25,35,0.0710783
25,36,0.0398425
25,37,0.0205784
25,38,0.00968618
25,39,0.0040377
25,40,0.0014447
25,41,0.000434029
25,42,0.000108247
25,43,2.2316e-05
25,44,3.79957e-06
25,45,5.34243e-07
25,46,6.19802e-08
25,47,5.91735e-09
25,48,4.62677e-10
25,49,3.16676e-11
26,0,0
26,1,2.41279e-11
26,2,3.93836e-10
26,3,5.17276e-09
26,4,5.53527e-08
26,5,4.85548e-07
26,6,3.50312e-06
26,7,2.08209e-05
26,8,0.000102023
26,9,0.000412674
26,10,0.00138374
26,11,0.00388861
26,12,0.00936104
26,13,0.0199346
26,14,0.0386926
26,15,0.0691903
26,16,0.113327
26,17,0.169377
26,18,0.231467
26,19,0.289201
26,20,0.331182
26,21,0.350435
26,22,0.345561
26,23,0.322285
26,24,0.290093
26,25,0.264154
26,26,0.290093
26,27,0.322286
26,28,0.345561
26,29,0.350435
26,30,0.331182
26,31,0.289201
26,32,0.231467
26,33,0.169377
26,34,0.113327
26,35,0.0691903
26,36,0.0386926
26,37,0.0199346
26,38,0.00936104
26,39,0.00388861
26,40,0.00138374
26,41,0.000412674
26,42,0.000102023
26,43,2.08209e-05
26,44,3.50312e-06
26,45,4.85548e-07
26,46,5.53527e-08
26,47,5.17276e-09
26,48,3.93892e-10
26,49,2.56791e-11
27,0,0
27,1,1.30049e-11
27,2,2.38724e-10
27,3,3.41921e-09
27,4,3.91052e-08
27,5,3.61855e-07
27,6,2.72929e-06
27,7,1.68427e-05
27,8,8.51969e-05
27,9,0.000353922
27,10,0.00121297
27,11,0.00346789
27,12,0.00845187
27,13,0.0181341
27,14,0.0353647
27,15,0.0636148
27,16,0.105103
27,17,0.158508
27,18,0.218558
27,19,0.276475
27,20,0.321731
27,21,0.347025
27,22,0.351319
27,23,0.339688
27,24,0.322285
27,25,0.311954
27,26,0.322285
27,27,0.339688
27,28,0.351319
27,29,0.347025
27,30,0.321731
27,31,0.276475
27,32,0.218558
27,33,0.158508
27,34,0.105103
27,35,0.0636148
27,36,0.0353647
27,37,0.0181341
27,38,0.00845187
27,39,0.00346789
27,40,0.00121297
27,41,0.000353922
27,42,8.51969e-05
27,43,1.68427e-05
27,44,2.72929e-06
27,45,3.61855e-07
27,46,3.91052e-08
27,47,3.41921e-09
27,48,2.38723e-10
27,49,1.32502e-11
28,0,0
28,1,4.31994e-12
28,2,9.76468e-11
28,3,1.63944e-09
28,4,2.1216e-08
28,5,2.1653e-07
28,6,1.7683e-06
28,7,1.16579e-05
28,8,6.23665e-05
28,9,0.000271702
28,10,0.000968545
28,11,0.00285448
28,12,0.00710469
28,13,0.0154492
28,14,0.0304234
28,15,0.0552426
28,16,0.0922397
28,17,0.141013
28,18,0.197762
28,19,0.254809
28,20,0.302962
28,21,0.335641
28,22,0.350452
28,23,0.351319
28,24,0.345561
28,25,0.341936
28,26,0.345561
28,27,0.351319
28,28,0.350452
28,29,0.335641
28,30,0.302962
28,31,0.254809
28,32,0.197762
28,33,0.141013
28,34,0.0922397
28,35,0.0552426
28,36,0.0304234
28,37,0.0154492
28,38,0.00710469
28,39,0.00285448
28,40,0.000968546
28,41,0.000271702
28,42,6.23665e-05
28,43,1.16579e-05
28,44,1.7683e-06
28,45,2.1653e-07
28,46,2.1216e-08
28,47,1.63944e-09
28,48,9.76386e-11
28,49,4.14871e-12
29,0,0
29,1,8.31254e-13
29,2,2.54481e-11
29,3,5.39443e-10
29,4,8.40658e-09
29,5,9.97922e-08
29,6,9.22762e-07
29,7,6.74297e-06
29,8,3.93067e-05
29,9,0.000184013
29,10,0.000696417
29,11,0.002153
29,12,0.00554541
29,13,0.0123045
29,14,0.024512
29,15,0.0450699
29,16,0.0765133
29,17,0.118937
29,18,0.169788
29,19,0.223875
29,20,0.273232
29,21,0.311408
29,22,0.335641
29,23,0.347025
29,24,0.350435
29,25,0.35062
29,26,0.350435
29,27,0.347025
29,28,0.335641
29,29,0.311408
29,30,0.273232
29,31,0.223875
29,32,0.169788
29,33,0.118938
29,34,0.0765133
29,35,0.0450699
29,36,0.024512
29,37,0.0123045
29,38,0.00554541
29,39,0.002153
29,40,0.000696417
29,41,0.000184013
29,42,3.93067e-05
29,43,6.74297e-06
29,44,9.22761e-07
29,45,9.97922e-08
29,46,8.40658e-09
29,47,5.39443e-10
29,48,2.54461e-11
29,49,7.49489e-13
30,0,0
30,1,8.39743e-14
30,2,3.97517e-12
30,3,1.156e-10
30,4,2.31066e-09
30,5,3.36586e-08
30,6,3.69737e-07
30,7,3.12808e-06
30,8,2.06558e-05
30,9,0.000107425
30,10,0.000443482
30,11,0.00146905
30,12,0.00398117
30,13,0.00912697
30,14,0.0185087
30,15,0.0344421
30,16,0.0594096
30,17,0.0943756
30,18,0.137798
30,19,0.185847
30,20,0.232936
30,21,0.273232
30,22,0.302962
30,23,0.321731
30,24,0.331182
30,25,0.333978
30,26,0.331182
30,27,0.321731
30,28,0.302962
30,29,0.273232
30,30,0.232936
30,31,0.185847
30,32,0.137798
30,33,0.0943756
30,34,0.0594096
30,35,0.0344421
30,36,0.0185087
30,37,0.00912697
30,38,0.00398117
30,39,0.00146905
30,40,0.000443482
30,41,0.000107425
30,42,2.06558e-05
30,43,3.12808e-06
30,44,3.69737e-07
30,45,3.36586e-08
30,46,2.31066e-09
30,47,1.156e-10
30,48,3.97503e-12
30,49,7.11954e-14
31,0,0
31,1,3.4223e-15
31,2,3.35897e-13
31,3,1.51966e-11
31,4,4.20156e-10
31,5,7.93568e-09
31,6,1.08441e-07
31,7,1.10795e-06
31,8,8.63128e-06
31,9,5.18802e-05
31,10,0.000242542
31,11,0.000889543
31,12,0.00260006
31,13,0.00625133
31,14,0.0130051
31,15,0.0246194
31,16,0.0432169
31,17,0.069945
31,18,0.104452
31,19,0.144593
31,20,0.185847
31,21,0.223875
31,22,0.254809
31,23,0.276475
31,24,0.289201
31,25,0.293094
31,26,0.289201
31,27,0.276475
31,28,0.254809
31,29,0.223875
31,30,0.185847
31,31,0.144593
31,32,0.104452
31,33,0.069945
31,34,0.0432169
31,35,0.0246194
31,36,0.0130051
31,37,0.00625133
31,38,0.00260006
31,39,0.000889543
31,40,0.000242542
31,41,5.18802e-05
31,42,8.63128e-06
31,43,1.10795e-06
31,44,1.08441e-07
31,45,7.93568e-09
31,46,4.20156e-10
31,47,1.51966e-11
31,48,3.35897e-13
31,49,2.73784e-15
32,0,0
32,1,0
32,2,1.17336e-14
32,3,1.10366e-12
32,4,4.76665e-11
32,5,1.25247e-09
32,6,2.23641e-08
32,7,2.87132e-07
32,8,2.73617e-06
32,9,1.97081e-05
32,10,0.000108416
32,11,0.000458687
32,12,0.0015065
32,13,0.00392446
32,14,0.00848971
32,15,0.016315
32,16,0.0291926
32,17,0.0484496
32,18,0.0738136
32,19,0.104452
32,20,0.137798
32,21,0.169788
32,22,0.197762
32,23,0.218558
32,24,0.231467
32,25,0.235676
32,26,0.231467
32,27,0.218558
32,28,0.197762
32,29,0.169788
32,30,0.137798
32,31,0.104452
32,32,0.0738136
32,33,0.0484496
32,34,0.0291926
32,35,0.016315
32,36,0.00848971
32,37,0.00392446
32,38,0.0015065
32,39,0.000458687
32,40,0.000108416
32,41,1.97081e-05
32,42,2.73617e-06
32,43,2.87132e-07
32,44,2.23641e-08
32,45,1.25247e-09
32,46,4.76665e-11
32,47,1.10366e-12
32,48,1.17336e-14
32,49,0
33,0,0
33,1,0
33,2,0
33,3,3.37341e-14
33,4,3.03507e-12
33,5,1.24942e-10
33,6,3.1165e-09
33,7,5.25809e-08
33,8,6.34412e-07
33,9,5.64512e-06
33,10,3.76853e-05
33,11,0.000190501
33,12,0.000733871
33,13,0.00217778
33,14,0.00512019
33,15,0.0101274
33,16,0.0182233
33,17,0.0309016
33,18,0.0484496
33,19,0.069945
33,20,0.0943756
33,21,0.118938
33,22,0.141013
33,23,0.158508
33,24,0.169377
33,25,0.173276
33,26,0.169377
33,27,0.158508
33,28,0.141013
33,29,0.118938
33,30,0.0943756
33,31,0.069945
33,32,0.0484496
33,33,0.0309016
33,34,0.0182233
33,35,0.0101274
33,36,0.00512019
33,37,0.00217778
33,38,0.000733871
33,39,0.000190501
33,40,3.76853e-05
33,41,5.64512e-06
33,42,6.34412e-07
33,43,5.25809e-08
33,44,3.1165e-09
33,45,1.24942e-10
33,46,3.03507e-12
33,47,3.37341e-14
33,48,0
33,49,0
34,0,0
34,1,0
34,2,0
34,3,0
34,4,8.24611e-14
34,5,7.08184e-12
34,6,2.77346e-10
34,7,6.55646e-09
34,8,1.04386e-07
34,9,1.18265e-06
34,10,9.82635e-06
34,11,6.08665e-05
34,12,0.000283556
34,13,0.00100025
34,14,0.00270819
34,15,0.00583252
34,16,0.0107267
34,17,0.0182233
34,18,0.0291926
34,19,0.0432169
34,20,0.0594097
34,21,0.0765133
34,22,0.0922397
34,23,0.105103
34,24,0.113327
34,25,0.116235
34,26,0.113327
34,27,0.105103
34,28,0.0922397
34,29,0.0765133
34,30,0.0594097
34,31,0.0432169
34,32,0.0291926
34,33,0.0182233
34,34,0.0107267
34,35,0.00583252
34,36,0.00270819
34,37,0.00100025
34,38,0.000283556
34,39,6.08665e-05
34,40,9.82635e-06
34,41,1.18265e-06
34,42,1.04386e-07
34,43,6.55646e-09
34,44,2.77346e-10
34,45,7.08184e-12
34,46,8.24611e-14
34,47,0
34,48,0
34,49,0
35,0,0
35,1,0
35,2,0
35,3,0
35,4,0
35,5,1.73168e-13
35,6,1.41637e-11
35,7,5.26532e-10
35,8,1.17717e-08
35,9,1.76519e-07
35,10,1.87496e-06
35,11,1.45323e-05
35,12,8.35294e-05
35,13,0.000359306
35,14,0.00116651
35,15,0.00291076
35,16,0.00583252
35,17,0.0101274
35,18,0.016315
35,19,0.0246194
35,20,0.0344421
35,21,0.0450699
35,22,0.0552426
35,23,0.0636148
35,24,0.0691903
35,25,0.0710783
35,26,0.0691903
35,27,0.0636148
35,28,0.0552426
35,29,0.0450699
35,30,0.0344421
35,31,0.0246194
35,32,0.016315
35,33,0.0101274
35,34,0.00583252
35,35,0.00291076
35,36,0.00116651
35,37,0.000359307
35,38,8.35294e-05
35,39,1.45323e-05
35,40,1.87496e-06
35,41,1.76519e-07
35,42,1.17718e-08
35,43,5.26532e-10
35,44,1.41637e-11
35,45,1.73168e-13
35,46,0
35,47,0
35,48,0
35,49,0
36,0,0
36,1,0
36,2,0
36,3,0
36,4,0
36,5,0
36,6,3.14851e-13
36,7,2.44645e-11
36,8,8.61097e-10
36,9,1.81605e-08
36,10,2.55842e-07
36,11,2.54194e-06
36,12,1.83453e-05
36,13,9.77636e-05
36,14,0.000388693
36,15,0.00116651
36,16,0.00270819
36,17,0.00512019
36,18,0.00848972
36,19,0.0130051
36,20,0.0185087
36,21,0.024512
36,22,0.0304234
36,23,0.0353647
36,24,0.0386926
36,25,0.0398425
36,26,0.0386926
36,27,0.0353647
36,28,0.0304234
36,29,0.024512
36,30,0.0185087
36,31,0.0130051
36,32,0.00848971
36,33,0.00512019
36,34,0.00270819
36,35,0.00116651
36,36,0.000388693
36,37,9.77636e-05
36,38,1.83453e-05
36,39,2.54194e-06
36,40,2.55842e-07
36,41,1.81605e-08
36,42,8.61097e-10
36,43,2.44645e-11
36,44,3.14851e-13
36,45,0
36,46,0
36,47,0
36,48,0
36,49,0
37,0,0
37,1,0
37,2,0
37,3,0
37,4,0
37,5,0
37,6,0
37,7,4.98515e-13
37,8,3.66968e-11
37,9,1.21941e-09
37,10,2.41867e-08
37,11,3.19147e-07
37,12,2.95725e-06
37,13,1.98211e-05
37,14,9.77636e-05
37,15,0.000359307
37,16,0.00100025
37,17,0.00217778
37,18,0.00392446
37,19,0.00625133
37,20,0.00912697
37,21,0.0123045
37,22,0.0154492
37,23,0.0181341
37,24,0.0199346
37,25,0.0205784
37,26,0.0199346
37,27,0.0181341
37,28,0.0154492
37,29,0.0123045
37,30,0.00912697
37,31,0.00625133
37,32,0.00392446
37,33,0.00217778
37,34,0.00100025
37,35,0.000359307
37,36,9.77636e-05
37,37,1.98211e-05
37,38,2.95725e-06
37,39,3.19147e-07
37,40,2.41867e-08
37,41,1.21941e-09
37,42,3.66968e-11
37,43,4.98515e-13
37,44,0
37,45,0
37,46,0
37,47,0
37,48,0
37,49,0
38,0,0
38,1,0
38,2,0
38,3,0
38,4,0
38,5,0
38,6,0
38,7,0
38,8,6.90251e-13
38,9,4.79881e-11
38,10,1.50047e-09
38,11,2.78924e-08
38,12,3.43466e-07
38,13,2.95725e-06
38,14,1.83453e-05
38,15,8.35294e-05
38,16,0.000283556
38,17,0.000733871
38,18,0.0015065
38,19,0.00260006
38,20,0.00398117
38,21,0.00554541
38,22,0.00710469
38,23,0.00845188
38,24,0.00936103
38,25,0.00968618
38,26,0.00936104
38,27,0.00845187
38,28,0.00710469
38,29,0.00554541
38,30,0.00398117
38,31,0.00260006
38,32,0.0015065
38,33,0.000733871
38,34,0.000283556
38,35,8.35294e-05
38,36,1.83453e-05
38,37,2.95725e-06
38,38,3.43466e-07
38,39,2.78924e-08
38,40,1.50047e-09
38,41,4.79881e-11
38,42,6.90251e-13
38,43,0
38,44,0
38,45,0
38,46,0
38,47,0
38,48,0
38,49,0
39,0,0
39,1,0
39,2,0
39,3,0
39,4,0
39,5,0
39,6,0
39,7,0
39,8,0
39,9,8.38162e-13
39,10,5.48436e-11
39,11,1.60753e-09
39,12,2.78924e-08
39,13,3.19147e-07
39,14,2.54194e-06
39,15,1.45323e-05
39,16,6.08665e-05
39,17,0.000190501
39,18,0.000458687
39,19,0.000889543
39,20,0.00146905
39,21,0.002153
39,22,0.00285448
39,23,0.00346789
39,24,0.00388861
39,25,0.0040377
39,26,0.00388861
39,27,0.00346789
39,28,0.00285448
39,29,0.002153
39,30,0.00146905
39,31,0.000889543
39,32,0.000458687
39,33,0.000190501
39,34,6.08665e-05
39,35,1.45323e-05
39,36,2.54194e-06
39,37,3.19147e-07
39,38,2.78924e-08
39,39,1.60753e-09
39,40,5.48436e-11
39,41,8.38162e-13
39,42,0
39,43,0
39,44,0
39,45,0
39,46,0
39,47,0
39,48,0
39,49,0
40,0,0
40,1,0
40,2,0
40,3,0
40,4,0
40,5,0
40,6,0
40,7,0
40,8,0
40,9,0
40,10,8.94039e-13
40,11,5.48436e-11
40,12,1.50047e-09
40,13,2.41867e-08
40,14,2.55842e-07
40,15,1.87496e-06
40,16,9.82635e-06
40,17,3.76853e-05
40,18,0.000108416
40,19,0.000242542
40,20,0.000443482
40,21,0.000696417
40,22,0.000968545
40,23,0.00121297
40,24,0.00138374
40,25,0.0014447
40,26,0.00138374
40,27,0.00121297
40,28,0.000968545
40,29,0.000696417
40,30,0.000443482
40,31,0.000242542
40,32,0.000108416
40,33,3.76853e-05
40,34,9.82635e-06
40,35,1.87496e-06
40,36,2.55842e-07
40,37,2.41867e-08
40,38,1.50047e-09
40,39,5.48436e-11
40,40,8.94039e-13
40,41,0
40,42,0
40,43,0
40,44,0
40,45,0
40,46,0
40,47,0
40,48,0
40,49,0
41,0,0
41,1,0
41,2,0
41,3,0
41,4,0
41,5,0
41,6,0
41,7,0
41,8,0
41,9,0
41,10,0
41,11,8.38162e-13
41,12,4.79881e-11
41,13,1.21941e-09
41,14,1.81605e-08
41,15,1.76519e-07
41,16,1.18265e-06
41,17,5.64512e-06
41,18,1.97081e-05
41,19,5.18802e-05
41,20,0.000107425
41,21,0.000184013
41,22,0.000271702
41,23,0.000353922
41,24,0.000412674
41,25,0.000434029
41,26,0.000412674
41,27,0.000353922
41,28,0.000271702
41,29,0.000184013
41,30,0.000107425
41,31,5.18802e-05
41,32,1.97081e-05
41,33,5.64512e-06
41,34,1.18265e-06
41,35,1.76519e-07
41,36,1.81605e-08
41,37,1.21941e-09
41,38,4.79881e-11
41,39,8.38162e-13
41,40,0
41,41,0
41,42,0
41,43,0
41,44,0
41,45,0
41,46,0
41,47,0
41,48,0
41,49,0
42,0,0
42,1,0
42,2,0
42,3,0
42,4,0
42,5,0
42,6,0
42,7,0
42,8,0
42,9,0
42,10,0
42,11,0
42,12,6.90251e-13
42,13,3.66968e-11
42,14,8.61097e-10
42,15,1.17718e-08
42,16,1.04386e-07
42,17,6.34412e-07
42,18,2.73617e-06
42,19,8.63128e-06
42,20,2.06558e-05
42,21,3.93067e-05
42,22,6.23664e-05
42,23,8.51969e-05
42,24,0.000102023
42,25,0.000108247
42,26,0.000102023
42,27,8.51969e-05
42,28,6.23664e-05
42,29,3.93067e-05
42,30,2.06558e-05
42,31,8.63128e-06
42,32,2.73617e-06
42,33,6.34412e-07
42,34,1.04386e-07
42,35,1.17718e-08
42,36,8.61097e-10
42,37,3.66968e-11
42,38,6.90251e-13
42,39,0
42,40,0
42,41,0
42,42,0
42,43,0
42,44,0
42,45,0
42,46,0
42,47,0
42,48,0
42,49,0
43,0,0
43,1,0
43,2,0
43,3,0
43,4,0
43,5,0
43,6,0
43,7,0
43,8,0
43,9,0
43,10,0
43,11,0
43,12,0
43,13,4.98515e-13
43,14,2.44645e-11
43,15,5.26532e-10
43,16,6.55646e-09
43,17,5.25809e-08
43,18,2.87132e-07
43,19,1.10795e-06
43,20,3.12808e-06
43,21,6.74297e-06
43,22,1.16579e-05
43,23,1.68427e-05
43,24,2.08209e-05
43,25,2.2316e-05
43,26,2.08209e-05
43,27,1.68427e-05
43,28,1.16579e-05
43,29,6.74297e-06
43,30,3.12808e-06
43,31,1.10795e-06
43,32,2.87132e-07
43,33,5.25809e-08
43,34,6.55646e-09
43,35,5.26532e-10
43,36,2.44645e-11
43,37,4.98515e-13
43,38,0
43,39,0
43,40,0
43,41,0
43,42,0
43,43,0
43,44,0
43,45,0
43,46,0
43,47,0
43,48,0
43,49,0
44,0,0
44,1,0
44,2,0
44,3,0
44,4,0
44,5,0
44,6,0
44,7,0
44,8,0
44,9,0
44,10,0
44,11,0
44,12,0
44,13,0
44,14,3.14851e-13
44,15,1.41637e-11
44,16,2.77346e-10
44,17,3.1165e-09
44,18,2.23641e-08
44,19,1.08441e-07
44,20,3.69737e-07
44,21,9.22762e-07
44,22,1.7683e-06
44,23,2.72929e-06
44,24,3.50312e-06
44,25,3.79957e-06
44,26,3.50312e-06
44,27,2.72929e-06
44,28,1.7683e-06
44,29,9.22761e-07
44,30,3.69737e-07
44,31,1.08441e-07
44,32,2.23641e-08
44,33,3.1165e-09
44,34,2.77346e-10
44,35,1.41637e-11
44,36,3.14851e-13
44,37,0
44,38,0
44,39,0
44,40,0
44,41,0
44,42,0
44,43,0
44,44,0
44,45,0
44,46,0
44,47,0
44,48,0
44,49,0
45,0,0
45,1,0
45,2,0
45,3,0
45,4,0
45,5,0
45,6,0
45,7,0
45,8,0
45,9,0
45,10,0
45,11,0
45,12,0
45,13,0
45,14,0
45,15,1.73168e-13
45,16,7.08184e-12
45,17,1.24942e-10
45,18,1.25247e-09
45,19,7.93568e-09
45,20,3.36586e-08
45,21,9.97922e-08
45,22,2.1653e-07
45,23,3.61855e-07
45,24,4.85548e-07
45,25,5.34243e-07
45,26,4.85548e-07
45,27,3.61855e-07
45,28,2.1653e-07
45,29,9.97922e-08
45,30,3.36586e-08
45,31,7.93568e-09
45,32,1.25247e-09
45,33,1.24942e-10
45,34,7.08184e-12
45,35,1.73168e-13
45,36,0
45,37,0
45,38,0
45,39,0
45,40,0
45,41,0
45,42,0
45,43,0
45,44,0
45,45,0
45,46,0
45,47,0
45,48,0
45,49,0
46,0,0
46,1,0
46,2,0
46,3,0
46,4,0
46,5,0
46,6,0
46,7,0
46,8,0
46,9,0
46,10,0
46,11,0
46,12,0
46,13,0
46,14,0
46,15,0
46,16,8.24611e-14
46,17,3.03507e-12
46,18,4.76665e-11
46,19,4.20156e-10
46,20,2.31066e-09
46,21,8.40658e-09
46,22,2.1216e-08
46,23,3.91052e-08
46,24,5.53527e-08
46,25,6.19802e-08
46,26,5.53527e-08
46,27,3.91052e-08
46,28,2.1216e-08
46,29,8.40658e-09
46,30,2.31066e-09
46,31,4.20156e-10
46,32,4.76664e-11
46,33,3.03507e-12
46,34,8.24611e-14
46,35,0
46,36,0
46,37,0
46,38,0
46,39,0
46,40,0
46,41,0
46,42,0
46,43,0
46,44,0
46,45,0
46,46,0
46,47,0
46,48,0
46,49,0
47,0,0
47,1,0
47,2,0
47,3,0
47,4,0
47,5,0
47,6,0
47,7,0
47,8,0
47,9,0
47,10,0
47,11,0
47,12,0
47,13,0
47,14,0
47,15,0
47,16,0
47,17,3.37341e-14
47,18,1.10366e-12
47,19,1.51966e-11
47,20,1.156e-10
47,21,5.39443e-10
47,22,1.63944e-09
47,23,3.41921e-09
47,24,5.17276e-09
47,25,5.91734e-09
47,26,5.17276e-09
47,27,3.41921e-09
47,28,1.63944e-09
47,29,5.39443e-10
47,30,1.156e-10
47,31,1.51966e-11
47,32,1.10366e-12
47,33,3.37341e-14
47,34,0
47,35,0
47,36,0
47,37,0
47,38,0
47,39,0
47,40,0
47,41,0
47,42,0
47,43,0
47,44,0
47,45,0
47,46,0
47,47,0
47,48,0
47,49,0
48,0,0
48,1,0
48,2,0
48,3,0
48,4,0
48,5,0
48,6,0
48,7,0
48,8,0
48,9,0
48,10,0
48,11,0
48,12,0
48,13,0
48,14,0
48,15,0
48,16,0
48,17,0
48,18,1.17336e-14
48,19,3.35897e-13
48,20,3.97503e-12
48,21,2.54461e-11
48,22,9.76386e-11
48,23,2.38723e-10
48,24,3.93892e-10
48,25,4.62677e-10
48,26,3.93892e-10
48,27,2.38723e-10
48,28,9.76386e-11
48,29,2.54461e-11
48,30,3.97503e-12
48,31,3.35897e-13
48,32,1.17336e-14
48,33,0
48,34,0
48,35,0
48,36,0
48,37,0
48,38,0
48,39,0
48,40,0
48,41,0
48,42,0
48,43,0
48,44,0
48,45,0
48,46,0
48,47,0
48,48,0
48,49,0
49,0,0
49,1,0
49,2,0
49,3,0
49,4,0
49,5,0
49,6,0
49,7,0
49,8,0
49,9,0
49,10,0
49,11,0
49,12,0
49,13,0
49,14,0
49,15,0
49,16,0
49,17,0
49,18,0
49,19,2.73784e-15
49,20,7.11954e-14
49,21,7.49489e-13
49,22,4.14871e-12
49,23,1.32502e-11
49,24,2.56791e-11
49,25,3.16676e-11
49,26,2.56791e-11
49,27,1.32502e-11
49,28,4.14871e-12
49,29,7.49489e-13
49,30,7.11954e-14
49,31,2.73784e-15
49,32,0
49,33,0
49,34,0
49,35,0
49,36,0
49,37,0
49,38,0
49,39,0
49,40,0
49,41,0
49,42,0
49,43,0
49,44,0
49,45,0
49,46,0
49,47,0
49,48,0
49,49,0
